0.000000000000000000e+00 1.035009416886893789e-06
8.080808080808081328e+00 7.209831555080193053e-06
1.616161616161616266e+01 1.918070642784009970e-05
2.424242424242424221e+01 3.782849311336821741e-05
3.232323232323232531e+01 6.090700096225044614e-05
4.040404040404040842e+01 9.059195189764476027e-05
4.848484848484848442e+01 1.254607585082555894e-04
5.656565656565656752e+01 1.671386057933648512e-04
6.464646464646465063e+01 2.133396644450394060e-04
7.272727272727273373e+01 2.618882125401212420e-04
8.080808080808081684e+01 3.202539350617600615e-04
8.888888888888889994e+01 3.803329284905009999e-04
9.696969696969696884e+01 4.480269486502948435e-04
1.050505050505050519e+02 5.174430483079727741e-04
1.131313131313131350e+02 5.863086110417749155e-04
1.212121212121212182e+02 6.601642404535890910e-04
1.292929292929293013e+02 7.414851505531617950e-04
1.373737373737373844e+02 8.206743816834866524e-04
1.454545454545454675e+02 9.067431222145662688e-04
1.535353535353535506e+02 9.899270492645354143e-04
1.616161616161616337e+02 1.072450332005853548e-03
1.696969696969697168e+02 1.162549002819705324e-03
1.777777777777777999e+02 1.239232189872546555e-03
1.858585858585858830e+02 1.329762481634717310e-03
1.939393939393939377e+02 1.410594514945888271e-03
2.020202020202020208e+02 1.490149302593666777e-03
2.101010101010101039e+02 1.571514255647149701e-03
2.181818181818181870e+02 1.646986261467463806e-03
2.262626262626262701e+02 1.717261198726388301e-03
2.343434343434343532e+02 1.777168424634880187e-03
2.424242424242424363e+02 1.840515405243748747e-03
2.505050505050505194e+02 1.895974292807322582e-03
2.585858585858586025e+02 1.947447293042033501e-03
2.666666666666666856e+02 1.986896566859292727e-03
2.747474747474747687e+02 2.032886219332198912e-03
2.828282828282828518e+02 2.059695165377265109e-03
2.909090909090909349e+02 2.084808457696792853e-03
2.989898989898990180e+02 2.097457594059768012e-03
3.070707070707071011e+02 2.105420560126710847e-03
3.151515151515151842e+02 2.113317461762788136e-03
3.232323232323232673e+02 2.106539251156026686e-03
3.313131313131313505e+02 2.102795600073670192e-03
3.393939393939394336e+02 2.074189701509072774e-03
3.474747474747475167e+02 2.051388664269823952e-03
3.555555555555555998e+02 2.019792249134731797e-03
3.636363636363636829e+02 1.986416498661673115e-03
3.717171717171717660e+02 1.941179980700629120e-03
3.797979797979798491e+02 1.889676150398180961e-03
3.878787878787878753e+02 1.837771529215150848e-03
3.959595959595959584e+02 1.786950364698308919e-03
4.040404040404040416e+02 1.724449008804513402e-03
4.121212121212121247e+02 1.659974528575546655e-03
4.202020202020202078e+02 1.596301630107743166e-03
4.282828282828282909e+02 1.529721896681874097e-03
4.363636363636363740e+02 1.460755035154078863e-03
4.444444444444444571e+02 1.387753839048120512e-03
4.525252525252525402e+02 1.318478676842954611e-03
4.606060606060606233e+02 1.246988154056111924e-03
4.686868686868687064e+02 1.179932756728014091e-03
4.767676767676767895e+02 1.108116316082236692e-03
4.848484848484848726e+02 1.035824211534230313e-03
4.929292929292929557e+02 9.717989694351463707e-04
5.010101010101010388e+02 9.062542454261643095e-04
5.090909090909091219e+02 8.420572358068307726e-04
5.171717171717172050e+02 7.778866519598434106e-04
5.252525252525252881e+02 7.205515345597004800e-04
5.333333333333333712e+02 6.647931549095385416e-04
5.414141414141414543e+02 6.103780853536339536e-04
5.494949494949495374e+02 5.587924484387565187e-04
5.575757575757576205e+02 5.086665082983027114e-04
5.656565656565657036e+02 4.622686040369947385e-04
5.737373737373737868e+02 4.203132473349985776e-04
5.818181818181818699e+02 3.856868444660581634e-04
5.898989898989899530e+02 3.668839281285496867e-04
5.979797979797980361e+02 4.123311462867712638e-04
6.060606060606061192e+02 6.179478374128811015e-04
6.141414141414142023e+02 1.170323198645072636e-03
6.222222222222222854e+02 2.257859868278095337e-03
6.303030303030303685e+02 3.867754446621959191e-03
6.383838383838384516e+02 5.581598790412744919e-03
6.464646464646465347e+02 6.686923631275423427e-03
6.545454545454546178e+02 6.606425746906932975e-03
6.626262626262627009e+02 5.364179824854762788e-03
6.707070707070707840e+02 3.594307281474372166e-03
6.787878787878788671e+02 1.993355049501763405e-03
6.868686868686869502e+02 9.300740084634952307e-04
6.949494949494950333e+02 3.788770103791373398e-04
7.030303030303031164e+02 1.473198360475558690e-04
7.111111111111111995e+02 6.770822746036397606e-05
7.191919191919192826e+02 4.056452900864620771e-05
7.272727272727273657e+02 2.998331048847335215e-05
7.353535353535354488e+02 2.347458198156069712e-05
7.434343434343435320e+02 1.817138060173522336e-05
7.515151515151516151e+02 1.294609915417268685e-05
7.595959595959596982e+02 9.301871865809022074e-06
7.676767676767677813e+02 5.743201189874509315e-06
7.757575757575757507e+02 2.950877911975399530e-06
7.838383838383838338e+02 5.241111515299590731e-07
7.919191919191919169e+02 0.000000000000000000e+00
8.000000000000000000e+02 0.000000000000000000e+00
