12  27.4334
14  0.189501
16  0.0310987
18  0.0081812
20  0.00305669
22  0.00154268
24  0.000923953
26  0.000623477
28  0.000458406
30  0.000358452
35  0.000230395
40  0.000172359
50  0.000121432
60  9.98996e-05
70  8.89118e-05
80  8.26592e-05
90  7.88914e-05
100  7.65611e-05
110  7.51334e-05
120  7.43035e-05
130  7.38837e-05
140  7.37506e-05
150  7.38341e-05
160  7.40765e-05
170  7.44374e-05
180  7.48922e-05
190  7.54171e-05
200  7.59996e-05
300  8.32038e-05
400  9.09324e-05
500  9.83982e-05
600  0.000105483
700  0.000112196
800  0.000118565
900  0.000124642
1000  0.000130453
2000  0.000178695
3000  0.000216559
4000  0.000248748
5000  0.000277231
6000  0.000303052
7000  0.000326842
8000  0.000349016
9000  0.000369863
10000  0.000389598
