12  17.9962
14  0.124568
16  0.0204035
18  0.00536856
20  0.00200997
22  0.00101527
24  0.000609356
26  0.000412349
28  0.00030427
30  0.000238893
35  0.000155287
40  0.000117443
50  8.436e-05
60  7.06288e-05
70  6.38294e-05
80  6.01354e-05
90  5.80632e-05
100  5.69251e-05
110  5.63667e-05
120  5.61875e-05
130  5.62652e-05
140  5.65207e-05
150  5.69082e-05
160  5.73873e-05
170  5.79364e-05
180  5.85369e-05
190  5.91763e-05
200  5.98453e-05
300  6.71036e-05
400  7.42864e-05
500  8.10327e-05
600  8.7341e-05
700  9.32661e-05
800  9.88606e-05
900  0.00010417
1000  0.000109231
2000  0.000150919
3000  0.000183426
4000  0.000210997
5000  0.000235364
6000  0.000257436
7000  0.000277763
8000  0.0002967
9000  0.000314499
10000  0.000331344
