12  17.922
14  0.123645
16  0.0202355
18  0.00534195
20  0.0019979
22  0.00100997
24  0.000606655
26  0.000410712
28  0.000303199
30  0.000238137
35  0.0001549
40  0.000117211
50  8.42429e-05
60  7.05579e-05
70  6.37792e-05
80  6.00894e-05
90  5.80094e-05
100  5.68543e-05
110  5.62695e-05
120  5.60511e-05
130  5.60791e-05
140  5.62741e-05
150  5.65988e-05
160  5.70079e-05
170  5.74848e-05
180  5.80148e-05
190  5.85731e-05
200  5.9161e-05
300  6.5643e-05
400  7.21539e-05
500  7.83271e-05
600  8.41468e-05
700  8.96282e-05
800  9.48261e-05
900  9.97752e-05
1000  0.000104507
2000  0.0001436
3000  0.000174176
4000  0.000200169
5000  0.000223158
6000  0.000243991
7000  0.000263178
8000  0.000281063
9000  0.000297876
10000  0.00031379
