12  15.0567
14  0.104221
16  0.0170708
18  0.00449165
20  0.00168167
22  0.000849436
24  0.000509823
26  0.000344997
28  0.000254571
30  0.000199872
35  0.000129922
40  9.826e-05
50  7.05804e-05
60  5.90922e-05
70  5.34035e-05
80  5.03129e-05
90  4.85794e-05
100  4.76271e-05
110  4.71602e-05
120  4.70103e-05
130  4.70756e-05
140  4.72897e-05
150  4.7614e-05
160  4.80151e-05
170  4.8475e-05
180  4.89777e-05
190  4.95131e-05
200  5.00731e-05
300  5.61502e-05
400  6.21643e-05
500  6.7813e-05
600  7.30946e-05
700  7.80559e-05
800  8.274e-05
900  8.71853e-05
1000  9.14224e-05
2000  0.000126325
3000  0.00015354
4000  0.000176622
5000  0.000197021
6000  0.000215499
7000  0.000232515
8000  0.000248368
9000  0.000263269
10000  0.000277371
