12  17.731
14  0.124522
16  0.0203332
18  0.00529625
20  0.00195804
22  0.000955572
24  0.000543297
26  0.000345625
28  0.000237147
30  0.000172354
35  9.5585e-05
40  6.5393e-05
50  4.35464e-05
60  3.57426e-05
70  3.20128e-05
80  3.04446e-05
90  2.98715e-05
100  2.97777e-05
110  2.994e-05
120  3.02451e-05
130  3.06518e-05
140  3.11098e-05
150  3.16068e-05
160  3.21267e-05
170  3.26672e-05
180  3.3206e-05
190  3.37581e-05
200  3.432e-05
300  3.97076e-05
400  4.46338e-05
500  4.91222e-05
600  5.32689e-05
700  5.71314e-05
800  6.07515e-05
900  6.4169e-05
1000  6.74128e-05
2000  9.39264e-05
3000  0.00011449
4000  0.000131892
5000  0.000147252
6000  0.000161155
7000  0.00017395
8000  0.000185867
9000  0.000197066
10000  0.000207661
