12  17.961
14  0.124116
16  0.0204097
18  0.00536332
20  0.00200428
22  0.00101284
24  0.000608175
26  0.000411508
28  0.000303684
30  0.000238346
35  0.000154442
40  0.000115828
50  8.02065e-05
60  6.39986e-05
70  5.54461e-05
80  5.05952e-05
90  4.76384e-05
100  4.57318e-05
110  4.44861e-05
120  4.3691e-05
130  4.32183e-05
140  4.29953e-05
150  4.29482e-05
160  4.3032e-05
170  4.32332e-05
180  4.34939e-05
190  4.38264e-05
200  4.42051e-05
300  4.89947e-05
400  5.41064e-05
500  5.89891e-05
600  6.35708e-05
700  6.78905e-05
800  7.1984e-05
900  7.5865e-05
1000  7.95597e-05
2000  0.00011001
3000  0.000133771
4000  0.000153915
5000  0.000171716
6000  0.000187833
7000  0.000202676
8000  0.000216505
9000  0.000229501
10000  0.0002418
