12  5.95121
14  0.123207
16  0.0108633
18  0.00335572
20  0.000720538
22  0.000359604
24  0.000174624
26  0.000112673
28  7.8449e-05
30  6.0485e-05
35  3.99776e-05
40  3.20628e-05
50  2.51903e-05
60  2.36075e-05
70  2.331e-05
80  2.34805e-05
90  2.3848e-05
100  2.43284e-05
110  2.4858e-05
120  2.54257e-05
130  2.60153e-05
140  2.65923e-05
150  2.71633e-05
160  2.77741e-05
170  2.8364e-05
180  2.89443e-05
190  2.9513e-05
200  3.00628e-05
300  3.53468e-05
400  4.0022e-05
500  4.42133e-05
600  4.80473e-05
700  5.16255e-05
800  5.49662e-05
900  5.81045e-05
1000  6.10769e-05
2000  8.53473e-05
3000  0.00010416
4000  0.000120065
5000  0.000134096
6000  0.000146795
7000  0.000158479
8000  0.00016936
9000  0.000179583
10000  0.000189253
