12  17.961
14  0.124116
16  0.0204097
18  0.00536332
20  0.00200428
22  0.00101285
24  0.000608194
26  0.000411543
28  0.000303754
30  0.000238499
35  0.000155054
40  0.000117275
50  8.4165e-05
60  7.02754e-05
70  6.3223e-05
80  5.92172e-05
90  5.68103e-05
100  5.53307e-05
110  5.44384e-05
120  5.39378e-05
130  5.37088e-05
140  5.36686e-05
150  5.37744e-05
160  5.39865e-05
170  5.42776e-05
180  5.46315e-05
190  5.50339e-05
200  5.54775e-05
300  6.08352e-05
400  6.65495e-05
500  7.20682e-05
600  7.73058e-05
700  8.22667e-05
800  8.69732e-05
900  9.1461e-05
1000  9.57567e-05
2000  0.000131379
3000  0.000159314
4000  0.000183055
5000  0.000204059
6000  0.000223098
7000  0.000240637
8000  0.000256982
9000  0.000272349
10000  0.000286895
