12  42.043
14  0.29141
16  0.0477424
18  0.0126624
20  0.00465764
22  0.00232967
24  0.00137304
26  0.000907117
28  0.000652013
30  0.000496981
35  0.000300299
40  0.000213071
50  0.000139231
60  0.000108972
70  9.35946e-05
80  8.48333e-05
90  7.94753e-05
100  7.60756e-05
110  7.38626e-05
120  7.24558e-05
130  7.15623e-05
140  7.10674e-05
150  7.08413e-05
160  7.0814e-05
170  7.09428e-05
180  7.11963e-05
190  7.15405e-05
200  7.19567e-05
300  7.79874e-05
400  8.49046e-05
500  9.17145e-05
600  9.8208e-05
700  0.000104379
800  0.000110261
900  0.000115872
1000  0.000121246
2000  0.000165931
3000  0.000201035
4000  0.000230901
5000  0.000257332
6000  0.000281291
7000  0.000303365
8000  0.000323939
9000  0.000343281
10000  0.000361592
