14  5.49629e-29
16  1.28886e-30
18  7.84136e-32
20  7.98759e-33
22  1.99759e-33
24  7.10391e-34
26  3.08083e-34
28  1.66973e-34
30  1.03028e-34
35  4.25948e-35
40  2.39365e-35
50  1.2185e-35
60  8.5569e-36
70  7.00746e-36
80  6.23754e-36
90  5.8302e-36
100  5.61841e-36
110  5.52063e-36
120  5.49727e-36
130  5.52298e-36
140  5.58337e-36
150  5.66799e-36
160  5.77153e-36
170  5.88949e-36
180  6.01884e-36
190  6.15718e-36
200  6.30298e-36
300  7.97258e-36
400  9.80146e-36
500  1.16831e-35
600  1.3589e-35
700  1.55087e-35
800  1.74368e-35
900  1.93688e-35
1000  2.13044e-35
2000  4.07382e-35
3000  6.02101e-35
4000  7.96903e-35
5000  9.91749e-35
6000  1.18661e-34
7000  1.38147e-34
8000  1.57636e-34
9000  1.77123e-34
10000  1.96612e-34
