10  0.0105725
12  0.00213825
14  1.50249e-05
16  2.2528e-06
18  8.10786e-07
20  3.57271e-07
22  1.9917e-07
24  1.30886e-07
26  9.41995e-08
28  7.28612e-08
30  5.8964e-08
35  4.02908e-08
40  3.14063e-08
50  2.3453e-08
60  2.00883e-08
70  1.83821e-08
80  1.74285e-08
90  1.68806e-08
100  1.65714e-08
110  1.64084e-08
120  1.63454e-08
130  1.63465e-08
140  1.63976e-08
150  1.64822e-08
160  1.65918e-08
170  1.67207e-08
180  1.68647e-08
190  1.70197e-08
200  1.71833e-08
300  1.90099e-08
400  2.08625e-08
500  2.26267e-08
600  2.4286e-08
700  2.5852e-08
800  2.73381e-08
900  2.87518e-08
1000  3.01029e-08
2000  4.12911e-08
3000  5.00577e-08
4000  5.7511e-08
5000  6.41048e-08
6000  7.00808e-08
7000  7.55861e-08
8000  8.07169e-08
9000  8.55405e-08
10000  9.01064e-08
