10  0.00488
12  0.000951864
14  6.47096e-06
16  1.00873e-06
18  3.59339e-07
20  1.57924e-07
22  8.9932e-08
24  6.05461e-08
26  4.51152e-08
28  3.60947e-08
30  3.02832e-08
35  2.22704e-08
40  1.81798e-08
50  1.39571e-08
60  1.19489e-08
70  1.09579e-08
80  1.04496e-08
90  1.01709e-08
100  1.00199e-08
110  9.95306e-09
120  9.94493e-09
130  9.97802e-09
140  1.00434e-08
150  1.01295e-08
160  1.02312e-08
170  1.03472e-08
180  1.04682e-08
190  1.05977e-08
200  1.07323e-08
300  1.21394e-08
400  1.35018e-08
500  1.47703e-08
600  1.59489e-08
700  1.70537e-08
800  1.80969e-08
900  1.90841e-08
1000  2.00229e-08
2000  2.77362e-08
3000  3.3743e-08
4000  3.88328e-08
5000  4.33291e-08
6000  4.74003e-08
7000  5.11488e-08
8000  5.46411e-08
9000  5.79227e-08
10000  6.10285e-08
