10  0.00483755
12  0.000949902
14  6.45168e-06
16  1.00385e-06
18  3.57193e-07
20  1.57457e-07
22  8.9781e-08
24  6.04302e-08
26  4.50605e-08
28  3.60728e-08
30  3.03221e-08
35  2.25186e-08
40  1.87674e-08
50  1.53768e-08
60  1.39789e-08
70  1.33369e-08
80  1.30426e-08
90  1.29317e-08
100  1.29254e-08
110  1.29822e-08
120  1.30788e-08
130  1.32018e-08
140  1.33419e-08
150  1.3497e-08
160  1.36589e-08
170  1.38284e-08
180  1.40028e-08
190  1.41775e-08
200  1.43552e-08
300  1.61394e-08
400  1.78303e-08
500  1.94047e-08
600  2.08765e-08
700  2.22568e-08
800  2.3563e-08
900  2.48043e-08
1000  2.59899e-08
2000  3.57579e-08
3000  4.33872e-08
4000  4.98709e-08
5000  5.56039e-08
6000  6.07987e-08
7000  6.55827e-08
8000  7.00421e-08
9000  7.42343e-08
10000  7.8202e-08
