10  0.0048984
12  0.000916512
14  6.46939e-06
16  1.00784e-06
18  3.51109e-07
20  1.50821e-07
22  8.075e-08
24  4.9978e-08
26  3.41869e-08
28  2.4848e-08
30  1.91378e-08
35  1.23084e-08
40  9.59526e-09
50  7.71112e-09
60  7.04028e-09
70  6.81923e-09
80  6.81977e-09
90  6.90059e-09
100  7.01752e-09
110  7.15366e-09
120  7.29905e-09
130  7.45333e-09
140  7.60916e-09
150  7.76672e-09
160  7.92451e-09
170  8.08276e-09
180  8.2377e-09
190  8.39311e-09
200  8.54854e-09
300  9.98814e-09
400  1.12681e-08
500  1.24237e-08
600  1.34861e-08
700  1.44732e-08
800  1.53971e-08
900  1.62687e-08
1000  1.70954e-08
2000  2.38424e-08
3000  2.90694e-08
4000  3.34913e-08
5000  3.73941e-08
6000  4.09262e-08
7000  4.41769e-08
8000  4.72046e-08
9000  5.00492e-08
10000  5.27407e-08
