10  0.00493662
12  0.000208335
14  6.02636e-06
16  5.43449e-07
18  1.77725e-07
20  4.96755e-08
22  2.77939e-08
24  1.5582e-08
26  1.1545e-08
28  8.9154e-09
30  7.65064e-09
35  6.1948e-09
40  5.51683e-09
50  5.20939e-09
60  5.28873e-09
70  5.42268e-09
80  5.58305e-09
90  5.75096e-09
100  5.92473e-09
110  6.09752e-09
120  6.27147e-09
130  6.4442e-09
140  6.60973e-09
150  6.77061e-09
160  6.93823e-09
170  7.09943e-09
180  7.25664e-09
190  7.41012e-09
200  7.55818e-09
300  8.94285e-09
400  1.01508e-08
500  1.12279e-08
600  1.22104e-08
700  1.31249e-08
800  1.39784e-08
900  1.47803e-08
1000  1.55397e-08
2000  2.17313e-08
3000  2.65251e-08
4000  3.05771e-08
5000  3.41515e-08
6000  3.73863e-08
7000  4.03627e-08
8000  4.31344e-08
9000  4.57382e-08
10000  4.82016e-08
