10  0.00488
12  0.000951864
14  6.47096e-06
16  1.00873e-06
18  3.59339e-07
20  1.57925e-07
22  8.99341e-08
24  6.05521e-08
26  4.5128e-08
28  3.61247e-08
30  3.03521e-08
35  2.25286e-08
40  1.87629e-08
50  1.53231e-08
60  1.38438e-08
70  1.31006e-08
80  1.27016e-08
90  1.24923e-08
100  1.2397e-08
110  1.23757e-08
120  1.24045e-08
130  1.24686e-08
140  1.25566e-08
150  1.26634e-08
160  1.27836e-08
170  1.29133e-08
180  1.30506e-08
190  1.31937e-08
200  1.33413e-08
300  1.48928e-08
400  1.64132e-08
500  1.78438e-08
600  1.91855e-08
700  2.04484e-08
800  2.16421e-08
900  2.27771e-08
1000  2.38613e-08
2000  3.28178e-08
3000  3.98236e-08
4000  4.5773e-08
5000  5.10346e-08
6000  5.58028e-08
7000  6.0195e-08
8000  6.42878e-08
9000  6.81355e-08
10000  7.17773e-08
