10  0.00408184
12  0.000797509
14  5.42332e-06
16  8.49496e-07
18  3.00074e-07
20  1.32317e-07
22  7.54776e-08
24  5.07583e-08
26  3.78112e-08
28  3.02703e-08
30  2.54351e-08
35  1.88759e-08
40  1.57255e-08
50  1.28772e-08
60  1.17037e-08
70  1.11664e-08
80  1.09238e-08
90  1.08374e-08
100  1.08415e-08
110  1.09018e-08
120  1.09985e-08
130  1.11195e-08
140  1.12569e-08
150  1.14061e-08
160  1.1563e-08
170  1.17255e-08
180  1.18917e-08
190  1.20605e-08
200  1.22308e-08
300  1.39222e-08
400  1.55021e-08
500  1.69593e-08
600  1.83109e-08
700  1.95747e-08
800  2.0765e-08
900  2.18924e-08
1000  2.29658e-08
2000  3.17836e-08
3000  3.86475e-08
4000  4.44661e-08
5000  4.96073e-08
6000  5.4264e-08
7000  5.85516e-08
8000  6.25461e-08
9000  6.63004e-08
10000  6.98535e-08
