10  0.00487873
12  0.000953209
14  6.48211e-06
16  1.01534e-06
18  3.58656e-07
20  1.58149e-07
22  9.0213e-08
24  6.06677e-08
26  4.5193e-08
28  3.61799e-08
30  3.04007e-08
35  2.2561e-08
40  1.87955e-08
50  1.53912e-08
60  1.39885e-08
70  1.33464e-08
80  1.30564e-08
90  1.2953e-08
100  1.29579e-08
110  1.30298e-08
120  1.31454e-08
130  1.329e-08
140  1.34539e-08
150  1.36322e-08
160  1.38195e-08
170  1.40136e-08
180  1.42121e-08
190  1.44137e-08
200  1.46171e-08
300  1.6637e-08
400  1.85235e-08
500  2.02635e-08
600  2.18773e-08
700  2.33866e-08
800  2.48078e-08
900  2.6154e-08
1000  2.74358e-08
2000  3.79659e-08
3000  4.61629e-08
4000  5.3112e-08
5000  5.9252e-08
6000  6.48132e-08
7000  6.99341e-08
8000  7.47047e-08
9000  7.91886e-08
10000  8.34319e-08
