10  0.00744623
12  0.0014501
14  9.87443e-06
16  1.53925e-06
18  5.47678e-07
20  2.40281e-07
22  1.36792e-07
24  9.1665e-08
26  6.79737e-08
28  5.41203e-08
30  4.52024e-08
35  3.30573e-08
40  2.7171e-08
50  2.17395e-08
60  1.9384e-08
70  1.82005e-08
80  1.75675e-08
90  1.72317e-08
100  1.7071e-08
110  1.70216e-08
120  1.70466e-08
130  1.71227e-08
140  1.72338e-08
150  1.73719e-08
160  1.75294e-08
170  1.77006e-08
180  1.78829e-08
190  1.80732e-08
200  1.82695e-08
300  2.0348e-08
400  2.23889e-08
500  2.43102e-08
600  2.61131e-08
700  2.78108e-08
800  2.94161e-08
900  3.0944e-08
1000  3.24026e-08
2000  4.44691e-08
3000  5.39188e-08
4000  6.19476e-08
5000  6.90502e-08
6000  7.54877e-08
7000  8.14182e-08
8000  8.69456e-08
9000  9.21425e-08
10000  9.70612e-08
