14  1.51124e-28
16  8.8651e-31
18  4.08513e-32
20  2.3771e-33
22  4.38788e-34
24  1.06508e-34
26  4.19992e-35
28  1.97469e-35
30  1.17378e-35
35  5.38315e-36
40  2.42449e-36
50  2.16502e-36
60  2.40327e-36
70  2.59572e-36
80  2.76766e-36
90  2.92914e-36
100  3.08837e-36
110  3.24775e-36
120  3.40713e-36
130  3.56713e-36
140  3.72972e-36
150  3.8939e-36
160  4.05795e-36
170  4.22282e-36
180  4.38897e-36
190  4.5581e-36
200  4.72895e-36
300  6.44028e-36
400  8.18783e-36
500  9.94512e-36
600  1.17054e-35
700  1.3471e-35
800  1.52391e-35
900  1.70036e-35
1000  1.87774e-35
2000  3.6512e-35
3000  5.42589e-35
4000  7.20064e-35
5000  8.97535e-35
6000  1.07499e-34
7000  1.25244e-34
8000  1.4299e-34
9000  1.60735e-34
10000  1.7848e-34
