1  2.44736e-09
11  2.22601e-07
21  6.04019e-07
31  9.68111e-07
41  1.23215e-06
51  1.37394e-06
61  1.40459e-06
71  1.34917e-06
81  1.23603e-06
91  1.09061e-06
101  9.32687e-07
111  7.76634e-07
121  6.31674e-07
131  5.0323e-07
141  3.92753e-07
151  3.01078e-07
161  2.2573e-07
171  1.65975e-07
181  1.19267e-07
191  8.3506e-08
201  5.64259e-08
211  3.66189e-08
221  2.24331e-08
231  1.25244e-08
241  6.04603e-09
251  2.22604e-09
261  2.40565e-10
271  0
281  0
291  0
301  0
311  0
321  0
331  0
341  0
351  0
361  0
371  0
381  0
391  0
401  0
411  0
421  0
431  0
441  0
451  0
461  0
471  0
481  0
491  0
501  0
511  0
521  0
531  0
541  0
551  0
561  0
571  0
581  0
