1  2.7427e-07
11  2.16056e-06
21  2.92572e-06
31  3.03686e-06
41  2.8006e-06
51  2.41011e-06
61  1.97956e-06
71  1.57003e-06
81  1.21161e-06
91  9.13488e-07
101  6.74825e-07
111  4.89254e-07
121  3.48412e-07
131  2.43664e-07
141  1.67293e-07
151  1.12537e-07
161  7.4022e-08
171  4.74541e-08
181  2.94977e-08
191  1.76395e-08
201  1.00447e-08
211  5.35577e-09
221  2.60582e-09
231  1.09938e-09
241  3.67458e-10
251  7.2784e-11
261  3.06475e-13
271  0
281  0
291  0
301  0
311  0
321  0
331  0
341  0
351  0
361  0
371  0
381  0
391  0
401  0
411  0
421  0
431  0
441  0
451  0
461  0
471  0
481  0
491  0
501  0
511  0
521  0
531  0
541  0
551  0
561  0
571  0
581  0
