0.000000000000000000e+00 1.346441312826084207e-06
8.080808080808081328e+00 9.903264609290918081e-06
1.616161616161616266e+01 2.779080036800380278e-05
2.424242424242424221e+01 5.191349192583187241e-05
3.232323232323232531e+01 8.605270016599230495e-05
4.040404040404040842e+01 1.286921056660968513e-04
4.848484848484848442e+01 1.805867222464218171e-04
5.656565656565656752e+01 2.368289600751711816e-04
6.464646464646465063e+01 3.030373803315678676e-04
7.272727272727273373e+01 3.761415934798214688e-04
8.080808080808081684e+01 4.559025118101778435e-04
8.888888888888889994e+01 5.441195849276289284e-04
9.696969696969696884e+01 6.359733079460775642e-04
1.050505050505050519e+02 7.340621867636412884e-04
1.131313131313131350e+02 8.336170507489082610e-04
1.212121212121212182e+02 9.480771459027966495e-04
1.292929292929293013e+02 1.057522690933683290e-03
1.373737373737373844e+02 1.175405515406157666e-03
1.454545454545454675e+02 1.297296204907932068e-03
1.535353535353535506e+02 1.418815679281404049e-03
1.616161616161616337e+02 1.530777937046545051e-03
1.696969696969697168e+02 1.656374486049508972e-03
1.777777777777777999e+02 1.778995022244217114e-03
1.858585858585858830e+02 1.900061488325523228e-03
1.939393939393939377e+02 2.016358783775417610e-03
2.020202020202020208e+02 2.131787813331993773e-03
2.101010101010101039e+02 2.246883378451281464e-03
2.181818181818181870e+02 2.351238871977138784e-03
2.262626262626262701e+02 2.443740648524657822e-03
2.343434343434343532e+02 2.549134286053394722e-03
2.424242424242424363e+02 2.632506687157406232e-03
2.505050505050505194e+02 2.716231428044213296e-03
2.585858585858586025e+02 2.779212164218928475e-03
2.666666666666666856e+02 2.848321095901553638e-03
2.747474747474747687e+02 2.902115830596240474e-03
2.828282828282828518e+02 2.945453623880100579e-03
2.909090909090909349e+02 2.972137070645032488e-03
2.989898989898990180e+02 2.991880682045258092e-03
3.070707070707071011e+02 3.005577891101437159e-03
3.151515151515151842e+02 3.011592834536305080e-03
3.232323232323232673e+02 3.012479975775129732e-03
3.313131313131313505e+02 2.987048593595489562e-03
3.393939393939394336e+02 2.966625469757015483e-03
3.474747474747475167e+02 2.932536595771540085e-03
3.555555555555555998e+02 2.881252282029271843e-03
3.636363636363636829e+02 2.835913702121679609e-03
3.717171717171717660e+02 2.769491361282871034e-03
3.797979797979798491e+02 2.705245976959193017e-03
3.878787878787878753e+02 2.628303776891201347e-03
3.959595959595959584e+02 2.545774474553165207e-03
4.040404040404040416e+02 2.460407578607257117e-03
4.121212121212121247e+02 2.371265613559967594e-03
4.202020202020202078e+02 2.276769342170551977e-03
4.282828282828282909e+02 2.177497608367888644e-03
4.363636363636363740e+02 2.086556193715607185e-03
4.444444444444444571e+02 1.991764208579916828e-03
4.525252525252525402e+02 1.888805490621570625e-03
4.606060606060606233e+02 1.780869973231236731e-03
4.686868686868687064e+02 1.681585655864902083e-03
4.767676767676767895e+02 1.583295440028597949e-03
4.848484848484848726e+02 1.483451154078891786e-03
4.929292929292929557e+02 1.392578949026802241e-03
5.010101010101010388e+02 1.294754325046335291e-03
5.090909090909091219e+02 1.201497534678539880e-03
5.171717171717172050e+02 1.113456631452486518e-03
5.252525252525252881e+02 1.034073220032268384e-03
5.333333333333333712e+02 9.504994819095165725e-04
5.414141414141414543e+02 8.703358895416794328e-04
5.494949494949495374e+02 7.911097726673521017e-04
5.575757575757576205e+02 7.290224695132969078e-04
5.656565656565657036e+02 6.632355986398878528e-04
5.737373737373737868e+02 5.989902143162096184e-04
5.818181818181818699e+02 5.448242644932201452e-04
5.898989898989899530e+02 4.881164348086336783e-04
5.979797979797980361e+02 4.406826915497746053e-04
6.060606060606061192e+02 3.936516223283961888e-04
6.141414141414142023e+02 3.495462316605884483e-04
6.222222222222222854e+02 3.129406449408587434e-04
6.303030303030303685e+02 2.785812243364510759e-04
6.383838383838384516e+02 2.435989173303154220e-04
6.464646464646465347e+02 2.159905786355450748e-04
6.545454545454546178e+02 1.856327312786018016e-04
6.626262626262627009e+02 1.629949002339838124e-04
6.707070707070707840e+02 1.406150322446268850e-04
6.787878787878788671e+02 1.202170755334952887e-04
6.868686868686869502e+02 1.045945812356113261e-04
6.949494949494950333e+02 8.803461144421762257e-05
7.030303030303031164e+02 7.193394172682532263e-05
7.111111111111111995e+02 6.146441675232718039e-05
7.191919191919192826e+02 5.081872188643122716e-05
7.272727272727273657e+02 4.151946833336134988e-05
7.353535353535354488e+02 3.330240125602085580e-05
7.434343434343435320e+02 2.563271919838068773e-05
7.515151515151516151e+02 1.866142492449610207e-05
7.595959595959596982e+02 1.330082680053430881e-05
7.676767676767677813e+02 8.789619224383362822e-06
7.757575757575757507e+02 3.963822556450621675e-06
7.838383838383838338e+02 6.291781835635907353e-07
7.919191919191919169e+02 0.000000000000000000e+00
8.000000000000000000e+02 0.000000000000000000e+00
