0.000000000000000000e+00 5.204948278932361701e-07
8.080808080808081328e+00 3.243566524625399435e-06
1.616161616161616266e+01 9.239466006624113298e-06
2.424242424242424221e+01 1.829688090672726173e-05
3.232323232323232531e+01 3.077269018720121715e-05
4.040404040404040842e+01 4.679750532164671532e-05
4.848484848484848442e+01 6.804557720692570541e-05
5.656565656565656752e+01 9.516373794335794686e-05
6.464646464646465063e+01 1.282438912494109952e-04
7.272727272727273373e+01 1.708878125005536730e-04
8.080808080808081684e+01 2.218739580635141376e-04
8.888888888888889994e+01 2.876799243849076978e-04
9.696969696969696884e+01 3.642143409398508613e-04
1.050505050505050519e+02 4.645992102183721167e-04
1.131313131313131350e+02 5.824655692746661447e-04
1.212121212121212182e+02 7.273429111927016575e-04
1.292929292929293013e+02 8.937426856657815265e-04
1.373737373737373844e+02 1.091637914295971300e-03
1.454545454545454675e+02 1.313111642763122944e-03
1.535353535353535506e+02 1.568189444078478198e-03
1.616161616161616337e+02 1.842449683323491233e-03
1.696969696969697168e+02 2.142157243220115491e-03
1.777777777777777999e+02 2.459598095916470419e-03
1.858585858585858830e+02 2.778021865874188197e-03
1.939393939393939377e+02 3.104781675656300907e-03
2.020202020202020208e+02 3.420522923373972828e-03
2.101010101010101039e+02 3.718596456205920924e-03
2.181818181818181870e+02 3.985392739210803607e-03
2.262626262626262701e+02 4.214648437667565042e-03
2.343434343434343532e+02 4.408464955564143396e-03
2.424242424242424363e+02 4.543940141197708692e-03
2.505050505050505194e+02 4.624812546339143043e-03
2.585858585858586025e+02 4.659453802895508791e-03
2.666666666666666856e+02 4.640307487605776701e-03
2.747474747474747687e+02 4.572219687722645087e-03
2.828282828282828518e+02 4.459496576349152724e-03
2.909090909090909349e+02 4.297768558053664464e-03
2.989898989898990180e+02 4.118002251783768261e-03
3.070707070707071011e+02 3.906701933746847474e-03
3.151515151515151842e+02 3.680862609815518417e-03
3.232323232323232673e+02 3.447696034879346901e-03
3.313131313131313505e+02 3.211164878275862920e-03
3.393939393939394336e+02 2.982796146234621866e-03
3.474747474747475167e+02 2.745941161813348318e-03
3.555555555555555998e+02 2.535451752578425123e-03
3.636363636363636829e+02 2.323239267382403925e-03
3.717171717171717660e+02 2.135956793193651872e-03
3.797979797979798491e+02 1.957589218720817096e-03
3.878787878787878753e+02 1.792309522022108009e-03
3.959595959595959584e+02 1.641949980907663658e-03
4.040404040404040416e+02 1.506722855782263682e-03
4.121212121212121247e+02 1.376341564371577359e-03
4.202020202020202078e+02 1.261576826035404504e-03
4.282828282828282909e+02 1.159582294029760756e-03
4.363636363636363740e+02 1.061264426491472261e-03
4.444444444444444571e+02 9.737016568050780923e-04
4.525252525252525402e+02 8.924181572315025230e-04
4.606060606060606233e+02 8.145979221398123383e-04
4.686868686868687064e+02 7.480959623201696761e-04
4.767676767676767895e+02 6.835403791878564119e-04
4.848484848484848726e+02 6.229412957342568644e-04
4.929292929292929557e+02 5.702427500847276126e-04
5.010101010101010388e+02 5.188029722879884675e-04
5.090909090909091219e+02 4.762591269700949012e-04
5.171717171717172050e+02 4.292721956019529485e-04
5.252525252525252881e+02 3.906402109494072888e-04
5.333333333333333712e+02 3.536382699767912801e-04
5.414141414141414543e+02 3.186327661079660823e-04
5.494949494949495374e+02 2.886017374129283379e-04
5.575757575757576205e+02 2.564523400488446635e-04
5.656565656565657036e+02 2.316611565981809321e-04
5.737373737373737868e+02 2.062430689889189583e-04
5.818181818181818699e+02 1.865800669804909431e-04
5.898989898989899530e+02 1.669574743751319162e-04
5.979797979797980361e+02 1.465272741060633967e-04
6.060606060606061192e+02 1.309624305750412628e-04
6.141414141414142023e+02 1.142606464373280040e-04
6.222222222222222854e+02 1.013494852817470733e-04
6.303030303030303685e+02 8.810948147271219666e-05
6.383838383838384516e+02 7.677322170422121660e-05
6.464646464646465347e+02 6.611271958058980943e-05
6.545454545454546178e+02 5.753599357041089268e-05
6.626262626262627009e+02 4.960188457006394077e-05
6.707070707070707840e+02 4.292484177457126226e-05
6.787878787878788671e+02 3.649103145764771188e-05
6.868686868686869502e+02 3.110698143059186199e-05
6.949494949494950333e+02 2.624984654400489085e-05
7.030303030303031164e+02 2.241061537477314231e-05
7.111111111111111995e+02 1.857138420554139038e-05
7.191919191919192826e+02 1.502660734427431904e-05
7.272727272727273657e+02 1.228969230229494923e-05
7.353535353535354488e+02 9.592415340233901379e-06
7.434343434343435320e+02 7.652036951851286389e-06
7.515151515151516151e+02 5.615394655095603170e-06
7.595959595959596982e+02 3.903407108147128487e-06
7.676767676767677813e+02 2.451898372090483238e-06
7.757575757575757507e+02 1.153279372861651637e-06
7.838383838383838338e+02 1.963028719764513391e-07
7.919191919191919169e+02 0.000000000000000000e+00
8.000000000000000000e+02 0.000000000000000000e+00
