14  5.4818e-29
16  1.25329e-30
18  7.82104e-32
20  7.97203e-33
22  1.98121e-33
24  7.07512e-34
26  3.0721e-34
28  1.66263e-34
30  1.02375e-34
35  4.17648e-35
40  2.26102e-35
50  9.95472e-36
60  5.95959e-36
70  4.37429e-36
80  3.59522e-36
90  3.11457e-36
100  2.80305e-36
110  2.61389e-36
120  2.51375e-36
130  2.47555e-36
140  2.47961e-36
150  2.51218e-36
160  2.56524e-36
170  2.63175e-36
180  2.70845e-36
190  2.79265e-36
200  2.88195e-36
300  3.89916e-36
400  4.97664e-36
500  6.06735e-36
600  7.16328e-36
700  8.26163e-36
800  9.36108e-36
900  1.04611e-35
1000  1.15615e-35
2000  2.25702e-35
3000  3.36001e-35
4000  4.46341e-35
5000  5.56622e-35
6000  6.66879e-35
7000  7.77129e-35
8000  8.87375e-35
9000  9.9762e-35
10000  1.10787e-34
