0.000000000000000000e+00 9.513482517490965764e-07
8.080808080808081328e+00 6.826804584310646068e-06
1.616161616161616266e+01 1.893887723389405000e-05
2.424242424242424221e+01 3.697485450663733954e-05
3.232323232323232531e+01 6.079379592079990169e-05
4.040404040404040842e+01 9.053223756806796701e-05
4.848484848484848442e+01 1.259611511656129953e-04
5.656565656565656752e+01 1.664903484461462721e-04
6.464646464646465063e+01 2.110980109170483565e-04
7.272727272727273373e+01 2.628143589357422884e-04
8.080808080808081684e+01 3.195164764960101785e-04
8.888888888888889994e+01 3.808520123935005513e-04
9.696969696969696884e+01 4.436498057890496957e-04
1.050505050505050519e+02 5.126269584309135936e-04
1.131313131313131350e+02 5.836741743983426189e-04
1.212121212121212182e+02 6.630060480580867539e-04
1.292929292929293013e+02 7.412148022539604428e-04
1.373737373737373844e+02 8.220705948725248778e-04
1.454545454545454675e+02 9.063794292937340418e-04
1.535353535353535506e+02 9.921813519433828228e-04
1.616161616161616337e+02 1.073587693318746577e-03
1.696969696969697168e+02 1.163089303614086309e-03
1.777777777777777999e+02 1.244398748408253414e-03
1.858585858585858830e+02 1.327905983839562870e-03
1.939393939393939377e+02 1.417081014880823076e-03
2.020202020202020208e+02 1.491094084014533061e-03
2.101010101010101039e+02 1.568984186034803928e-03
2.181818181818181870e+02 1.647078788424150573e-03
2.262626262626262701e+02 1.718305833587382763e-03
2.343434343434343532e+02 1.789077826924660502e-03
2.424242424242424363e+02 1.862005450370715891e-03
2.505050505050505194e+02 1.933918165949627703e-03
2.585858585858586025e+02 2.029674599302434910e-03
2.666666666666666856e+02 2.141422596699516217e-03
2.747474747474747687e+02 2.307439830809886270e-03
2.828282828282828518e+02 2.527924109714337845e-03
2.909090909090909349e+02 2.822489159287006402e-03
2.989898989898990180e+02 3.199716857227970918e-03
3.070707070707071011e+02 3.641101824302575736e-03
3.151515151515151842e+02 4.098856094232642203e-03
3.232323232323232673e+02 4.549290468805290699e-03
3.313131313131313505e+02 4.932165679780419094e-03
3.393939393939394336e+02 5.203548031956001761e-03
3.474747474747475167e+02 5.316048009209277739e-03
3.555555555555555998e+02 5.272723449885238431e-03
3.636363636363636829e+02 5.084559371311008630e-03
3.717171717171717660e+02 4.757852314531637629e-03
3.797979797979798491e+02 4.353400005596091624e-03
3.878787878787878753e+02 3.889358651322534846e-03
3.959595959595959584e+02 3.422012336093266383e-03
4.040404040404040416e+02 2.992271670999978143e-03
4.121212121212121247e+02 2.601254630246232699e-03
4.202020202020202078e+02 2.265523200428766221e-03
4.282828282828282909e+02 1.989976107421714390e-03
4.363636363636363740e+02 1.768373038579386380e-03
4.444444444444444571e+02 1.586899758606517786e-03
4.525252525252525402e+02 1.436727931236598740e-03
4.606060606060606233e+02 1.319638069173601023e-03
4.686868686868687064e+02 1.220249176982398211e-03
4.767676767676767895e+02 1.129740598990881155e-03
4.848484848484848726e+02 1.048575571659816213e-03
4.929292929292929557e+02 9.790926841306225783e-04
5.010101010101010388e+02 9.080670560808342361e-04
5.090909090909091219e+02 8.418699910458121195e-04
5.171717171717172050e+02 7.770127106261748686e-04
5.252525252525252881e+02 7.189518035942666589e-04
5.333333333333333712e+02 6.633296061000449814e-04
5.414141414141414543e+02 6.076077553229948221e-04
5.494949494949495374e+02 5.555695851209282781e-04
5.575757575757576205e+02 5.105448143749676719e-04
5.656565656565657036e+02 4.602857532443869505e-04
5.737373737373737868e+02 4.188637735629204841e-04
5.818181818181818699e+02 3.774474188814540927e-04
5.898989898989899530e+02 3.421172768651056751e-04
5.979797979797980361e+02 3.065851872963095445e-04
6.060606060606061192e+02 2.756443471641918902e-04
6.141414141414142023e+02 2.459235230771414393e-04
6.222222222222222854e+02 2.158855829061746064e-04
6.303030303030303685e+02 1.928374097515310015e-04
6.383838383838384516e+02 1.681067595961088649e-04
6.464646464646465347e+02 1.485909072650892131e-04
6.545454545454546178e+02 1.300087856256010657e-04
6.626262626262627009e+02 1.128757083140085536e-04
6.707070707070707840e+02 9.833241235439965590e-05
6.787878787878788671e+02 8.469201635594155256e-05
6.868686868686869502e+02 7.294991247092724935e-05
6.949494949494950333e+02 6.144564564885021229e-05
7.030303030303031164e+02 5.278661480191167702e-05
7.111111111111111995e+02 4.408354005442919379e-05
7.191919191919192826e+02 3.521750287493414307e-05
7.272727272727273657e+02 2.859770462318001499e-05
7.353535353535354488e+02 2.275748341105361748e-05
7.434343434343435320e+02 1.777611825953404263e-05
7.515151515151516151e+02 1.351707307693507852e-05
7.595959595959596982e+02 9.165535703193841986e-06
7.676767676767677813e+02 6.161741686097157682e-06
7.757575757575757507e+02 2.972963286715926404e-06
7.838383838383838338e+02 4.316302253306085829e-07
7.919191919191919169e+02 0.000000000000000000e+00
8.000000000000000000e+02 0.000000000000000000e+00
