14  3.8474e-29
16  9.02202e-31
18  5.48895e-32
20  5.59135e-33
22  1.39832e-33
24  4.97274e-34
26  2.15659e-34
28  1.16881e-34
30  7.21191e-35
35  2.98165e-35
40  1.67556e-35
50  8.52953e-36
60  5.98982e-36
70  4.90526e-36
80  4.36631e-36
90  4.08124e-36
100  3.93305e-36
110  3.86471e-36
120  3.84851e-36
130  3.86664e-36
140  3.90911e-36
150  3.96853e-36
160  4.04126e-36
170  4.12411e-36
180  4.21494e-36
190  4.31206e-36
200  4.41447e-36
300  5.58759e-36
400  6.87334e-36
500  8.19654e-36
600  9.53736e-36
700  1.0888e-35
800  1.22445e-35
900  1.3604e-35
1000  1.49663e-35
2000  2.86437e-35
3000  4.23491e-35
4000  5.60608e-35
5000  6.97753e-35
6000  8.34914e-35
7000  9.72081e-35
8000  1.10925e-34
9000  1.24643e-34
10000  1.3836e-34
