10  0.000381384
12  6.65592e-05
14  5.54853e-07
16  9.58718e-08
18  3.31694e-08
20  1.47471e-08
22  8.38223e-09
24  5.56253e-09
26  4.07372e-09
28  3.19945e-09
30  2.63793e-09
35  1.87266e-09
40  1.50264e-09
50  1.16472e-09
60  1.02126e-09
70  9.50506e-10
80  9.13858e-10
90  8.95606e-10
100  8.88178e-10
110  8.87435e-10
120  8.91126e-10
130  8.97765e-10
140  9.06475e-10
150  9.16575e-10
160  9.27713e-10
170  9.39587e-10
180  9.51994e-10
190  9.64778e-10
200  9.77818e-10
300  1.11097e-09
400  1.23736e-09
500  1.35433e-09
600  1.46294e-09
700  1.56454e-09
800  1.66023e-09
900  1.75087e-09
1000  1.83715e-09
2000  2.54554e-09
3000  3.09663e-09
4000  3.56365e-09
5000  3.97623e-09
6000  4.34988e-09
7000  4.69391e-09
8000  5.01439e-09
9000  5.31557e-09
10000  5.60059e-09
