10  0.000582013
12  0.000101216
14  8.45358e-07
16  1.4528e-07
18  5.06274e-08
20  2.23745e-08
22  1.2676e-08
24  8.365e-09
26  6.08513e-09
28  4.74252e-09
30  3.87762e-09
35  2.69639e-09
40  2.12071e-09
50  1.58384e-09
60  1.3437e-09
70  1.21498e-09
80  1.13883e-09
90  1.09137e-09
100  1.06133e-09
110  1.04243e-09
120  1.03104e-09
130  1.02499e-09
140  1.02286e-09
150  1.02351e-09
160  1.02632e-09
170  1.03076e-09
180  1.03647e-09
190  1.04319e-09
200  1.05074e-09
300  1.14654e-09
400  1.25084e-09
500  1.35216e-09
600  1.44865e-09
700  1.54021e-09
800  1.6273e-09
900  1.71032e-09
1000  1.78976e-09
2000  2.45023e-09
3000  2.96885e-09
4000  3.40981e-09
5000  3.80007e-09
6000  4.15389e-09
7000  4.47988e-09
8000  4.78373e-09
9000  5.06941e-09
10000  5.33984e-09
