10  0.000385863
12  1.38315e-05
14  5.12074e-07
16  4.29084e-08
18  1.51577e-08
20  4.05366e-09
22  2.38917e-09
24  1.33314e-09
26  1.01648e-09
28  7.92488e-10
30  6.93032e-10
35  5.81371e-10
40  5.29721e-10
50  5.24107e-10
60  5.43959e-10
70  5.60432e-10
80  5.76043e-10
90  5.91113e-10
100  6.06223e-10
110  6.21211e-10
120  6.36316e-10
130  6.51348e-10
140  6.65995e-10
150  6.80384e-10
160  6.95202e-10
170  7.09663e-10
180  7.23857e-10
190  7.37854e-10
200  7.51491e-10
300  8.79941e-10
400  9.93777e-10
500  1.09625e-09
600  1.19021e-09
700  1.27762e-09
800  1.35941e-09
900  1.43651e-09
1000  1.50968e-09
2000  2.10698e-09
3000  2.56961e-09
4000  2.96089e-09
5000  3.30618e-09
6000  3.61871e-09
7000  3.90631e-09
8000  4.17415e-09
9000  4.42582e-09
10000  4.66391e-09
