10  0.000381342
12  6.64721e-05
14  5.54022e-07
16  9.52326e-08
18  3.32099e-08
20  1.47294e-08
22  8.35914e-09
24  5.55076e-09
26  4.06466e-09
28  3.18758e-09
30  2.61758e-09
35  1.81345e-09
40  1.38834e-09
50  9.49857e-10
60  7.60353e-10
70  6.75726e-10
80  6.3704e-10
90  6.19618e-10
100  6.12724e-10
110  6.11489e-10
120  6.13617e-10
130  6.18669e-10
140  6.26191e-10
150  6.35345e-10
160  6.45692e-10
170  6.56844e-10
180  6.68393e-10
190  6.80289e-10
200  6.92441e-10
300  8.10524e-10
400  9.17144e-10
500  1.01355e-09
600  1.10162e-09
700  1.1835e-09
800  1.26016e-09
900  1.33237e-09
1000  1.40081e-09
2000  1.95873e-09
3000  2.39004e-09
4000  2.75463e-09
5000  3.07632e-09
6000  3.36737e-09
7000  3.6352e-09
8000  3.88463e-09
9000  4.11896e-09
10000  4.34067e-09
