10  0.000382864
12  6.37114e-05
14  5.53582e-07
16  9.47271e-08
18  3.19321e-08
20  1.367e-08
22  7.06597e-09
24  4.1559e-09
26  2.74631e-09
28  1.94145e-09
30  1.46154e-09
35  9.1806e-10
40  7.13185e-10
50  5.84169e-10
60  5.44548e-10
70  5.37234e-10
80  5.48422e-10
90  5.63578e-10
100  5.79206e-10
110  5.94724e-10
120  6.09954e-10
130  6.252e-10
140  6.40116e-10
150  6.54854e-10
160  6.69362e-10
170  6.83689e-10
180  6.97725e-10
190  7.11584e-10
200  7.25367e-10
300  8.51774e-10
400  9.63102e-10
500  1.06326e-09
600  1.15519e-09
700  1.24044e-09
800  1.32023e-09
900  1.39548e-09
1000  1.46686e-09
2000  2.04888e-09
3000  2.4992e-09
4000  2.88001e-09
5000  3.21605e-09
6000  3.52015e-09
7000  3.8e-09
8000  4.06061e-09
9000  4.30548e-09
10000  4.53715e-09
