10  0.000378097
12  6.63365e-05
14  5.52424e-07
16  9.48084e-08
18  3.30441e-08
20  1.46877e-08
22  8.34826e-09
24  5.54348e-09
26  4.0641e-09
28  3.19188e-09
30  2.63268e-09
35  1.8704e-09
40  1.50142e-09
50  1.16438e-09
60  1.02088e-09
70  9.48963e-10
80  9.09162e-10
90  8.86366e-10
100  8.7301e-10
110  8.6422e-10
120  8.58119e-10
130  8.54333e-10
140  8.52748e-10
150  8.53428e-10
160  8.54722e-10
170  8.58197e-10
180  8.615e-10
190  8.65644e-10
200  8.71087e-10
300  9.41749e-10
400  1.02706e-09
500  1.11298e-09
600  1.19551e-09
700  1.27398e-09
800  1.34909e-09
900  1.42075e-09
1000  1.4893e-09
2000  2.05059e-09
3000  2.48934e-09
4000  2.86233e-09
5000  3.19209e-09
6000  3.49085e-09
7000  3.7659e-09
8000  4.02223e-09
9000  4.26319e-09
10000  4.49127e-09
