10  0.000319089
12  5.56875e-05
14  4.64223e-07
16  8.02121e-08
18  2.77515e-08
20  1.23383e-08
22  7.0131e-09
24  4.65394e-09
26  3.40832e-09
28  2.67686e-09
30  2.20706e-09
35  1.56678e-09
40  1.2572e-09
50  9.74473e-10
60  8.54447e-10
70  7.95261e-10
80  7.64608e-10
90  7.49359e-10
100  7.43172e-10
110  7.42589e-10
120  7.45726e-10
130  7.51332e-10
140  7.58682e-10
150  7.67203e-10
160  7.76595e-10
170  7.8661e-10
180  7.97076e-10
190  8.07862e-10
200  8.18864e-10
300  9.31266e-10
400  1.03803e-09
500  1.13683e-09
600  1.22857e-09
700  1.31438e-09
800  1.39518e-09
900  1.47171e-09
1000  1.54455e-09
2000  2.14233e-09
3000  2.60713e-09
4000  3.00092e-09
5000  3.34877e-09
6000  3.66376e-09
7000  3.95376e-09
8000  4.22389e-09
9000  4.47777e-09
10000  4.718e-09
