10  0.000381342
12  6.64721e-05
14  5.54022e-07
16  9.52326e-08
18  3.32099e-08
20  1.47295e-08
22  8.35976e-09
24  5.55263e-09
26  4.06829e-09
28  3.19517e-09
30  2.63398e-09
35  1.86974e-09
40  1.49816e-09
50  1.15035e-09
60  9.88629e-10
70  8.96067e-10
80  8.38024e-10
90  8.0079e-10
100  7.77148e-10
110  7.62584e-10
120  7.5433e-10
130  7.5063e-10
140  7.502e-10
150  7.52007e-10
160  7.55698e-10
170  7.60611e-10
180  7.66609e-10
190  7.73359e-10
200  7.80598e-10
300  8.67784e-10
400  9.58689e-10
500  1.0453e-09
600  1.12698e-09
700  1.20385e-09
800  1.27653e-09
900  1.34568e-09
1000  1.4116e-09
2000  1.95456e-09
3000  2.37789e-09
4000  2.73672e-09
5000  3.05377e-09
6000  3.34088e-09
7000  3.60522e-09
8000  3.85149e-09
9000  4.08291e-09
10000  4.30193e-09
