10  0.000823379
12  0.00014822
14  1.2847e-06
16  2.11737e-07
18  7.47868e-08
20  3.28217e-08
22  1.80414e-08
24  1.15609e-08
26  8.07812e-09
28  6.05991e-09
30  4.76592e-09
35  3.05457e-09
40  2.25956e-09
50  1.56342e-09
60  1.27352e-09
70  1.12578e-09
80  1.04162e-09
90  9.90835e-10
100  9.59571e-10
110  9.40559e-10
120  9.29407e-10
130  9.23756e-10
140  9.21963e-10
150  9.23051e-10
160  9.26234e-10
170  9.31047e-10
180  9.37045e-10
190  9.44012e-10
200  9.51733e-10
300  1.04712e-09
400  1.14873e-09
500  1.24628e-09
600  1.33855e-09
700  1.42577e-09
800  1.50849e-09
900  1.58726e-09
1000  1.66253e-09
2000  2.2858e-09
3000  2.77371e-09
4000  3.18809e-09
5000  3.55461e-09
6000  3.88676e-09
7000  4.19271e-09
8000  4.47782e-09
9000  4.74585e-09
10000  4.99951e-09
