0.000000000000000000e+00 1.242187583238756884e-06
8.080808080808081328e+00 9.409346443380933454e-06
1.616161616161616266e+01 2.549884742004901461e-05
2.424242424242424221e+01 5.160055309870145609e-05
3.232323232323232531e+01 8.890361752429135815e-05
4.040404040404040842e+01 1.417242492040285884e-04
4.848484848484848442e+01 2.127450146706578874e-04
5.656565656565656752e+01 3.048141555368332357e-04
6.464646464646465063e+01 4.274317677797984322e-04
7.272727272727273373e+01 5.798717221392895877e-04
8.080808080808081684e+01 7.666837768028797158e-04
8.888888888888889994e+01 9.946320569259477478e-04
9.696969696969696884e+01 1.254112166540128628e-03
1.050505050505050519e+02 1.549946351840196914e-03
1.131313131313131350e+02 1.869228120181337660e-03
1.212121212121212182e+02 2.198395601578513690e-03
1.292929292929293013e+02 2.523121516154383688e-03
1.373737373737373844e+02 2.844348810723019115e-03
1.454545454545454675e+02 3.122441125649601940e-03
1.535353535353535506e+02 3.360078907859187849e-03
1.616161616161616337e+02 3.541799932125368200e-03
1.696969696969697168e+02 3.651172406156260371e-03
1.777777777777777999e+02 3.690760121000714183e-03
1.858585858585858830e+02 3.669797241011069858e-03
1.939393939393939377e+02 3.586173189269506109e-03
2.020202020202020208e+02 3.470929979910832366e-03
2.101010101010101039e+02 3.317009223877929319e-03
2.181818181818181870e+02 3.143830792565343452e-03
2.262626262626262701e+02 2.974149844244996545e-03
2.343434343434343532e+02 2.802073445149975018e-03
2.424242424242424363e+02 2.660987592307440149e-03
2.505050505050505194e+02 2.538202647104212482e-03
2.585858585858586025e+02 2.434237847181242378e-03
2.666666666666666856e+02 2.349170409011343708e-03
2.747474747474747687e+02 2.287233116066210090e-03
2.828282828282828518e+02 2.243813548147712868e-03
2.909090909090909349e+02 2.213799050389609821e-03
2.989898989898990180e+02 2.188368347418992010e-03
3.070707070707071011e+02 2.166257506367921977e-03
3.151515151515151842e+02 2.149635798337947833e-03
3.232323232323232673e+02 2.125952226634862316e-03
3.313131313131313505e+02 2.111952530353518754e-03
3.393939393939394336e+02 2.089542470632132880e-03
3.474747474747475167e+02 2.057987693272591949e-03
3.555555555555555998e+02 2.026108678272099499e-03
3.636363636363636829e+02 1.987763937667848778e-03
3.717171717171717660e+02 1.936792258437100610e-03
3.797979797979798491e+02 1.890612354601458722e-03
3.878787878787878753e+02 1.842644221423423703e-03
3.959595959595959584e+02 1.782880637248743499e-03
4.040404040404040416e+02 1.725799407460850083e-03
4.121212121212121247e+02 1.662031560438786753e-03
4.202020202020202078e+02 1.589293254332391821e-03
4.282828282828282909e+02 1.526416269884688223e-03
4.363636363636363740e+02 1.457548309933112945e-03
4.444444444444444571e+02 1.390330037620269047e-03
4.525252525252525402e+02 1.317409023162042885e-03
4.606060606060606233e+02 1.253736105313675402e-03
4.686868686868687064e+02 1.175066998705627747e-03
4.767676767676767895e+02 1.108920813982681606e-03
4.848484848484848726e+02 1.039392228975613737e-03
4.929292929292929557e+02 9.704449940173793610e-04
5.010101010101010388e+02 9.027309258293977640e-04
5.090909090909091219e+02 8.395002996846918529e-04
5.171717171717172050e+02 7.772826319584077125e-04
5.252525252525252881e+02 7.203191355068073532e-04
5.333333333333333712e+02 6.610038138576536468e-04
5.414141414141414543e+02 6.079952594049350956e-04
5.494949494949495374e+02 5.542732298922845545e-04
5.575757575757576205e+02 5.094167886243435115e-04
5.656565656565657036e+02 4.619618888047986849e-04
5.737373737373737868e+02 4.212409603842406382e-04
5.818181818181818699e+02 3.791062943449287326e-04
5.898989898989899530e+02 3.412304578300251229e-04
5.979797979797980361e+02 3.084546467435236427e-04
6.060606060606061192e+02 2.750974856081887777e-04
6.141414141414142023e+02 2.468007123979264932e-04
6.222222222222222854e+02 2.163458973397220351e-04
6.303030303030303685e+02 1.924180578297835236e-04
6.383838383838384516e+02 1.718021519313807312e-04
6.464646464646465347e+02 1.492616250379764876e-04
6.545454545454546178e+02 1.287161858121595962e-04
6.626262626262627009e+02 1.139137804020908689e-04
6.707070707070707840e+02 9.798831239768490740e-05
6.787878787878788671e+02 8.449394459749133665e-05
6.868686868686869502e+02 7.155009767687486649e-05
6.949494949494950333e+02 6.115185930342284905e-05
7.030303030303031164e+02 5.181502518579544995e-05
7.111111111111111995e+02 4.267637858481579567e-05
7.191919191919192826e+02 3.586753634620638761e-05
7.272727272727273657e+02 2.895739826575478417e-05
7.353535353535354488e+02 2.286643525411388985e-05
7.434343434343435320e+02 1.754179730684430602e-05
7.515151515151516151e+02 1.351638863537664448e-05
7.595959595959596982e+02 9.328025783554166566e-06
7.676767676767677813e+02 5.782671319077724126e-06
7.757575757575757507e+02 2.805454402324836340e-06
7.838383838383838338e+02 5.285000443940036770e-07
7.919191919191919169e+02 0.000000000000000000e+00
8.000000000000000000e+02 0.000000000000000000e+00
