14  5.46192e-29
16  1.25595e-30
18  7.79523e-32
20  7.93785e-33
22  1.98023e-33
24  7.05942e-34
26  3.06655e-34
28  1.66043e-34
30  1.02541e-34
35  4.24502e-35
40  2.38598e-35
50  1.2169e-35
60  8.55206e-36
70  7.0029e-36
80  6.22732e-36
90  5.8105e-36
100  5.58033e-36
110  5.45391e-36
120  5.39169e-36
130  5.37338e-36
140  5.38492e-36
150  5.41798e-36
160  5.46404e-36
170  5.52533e-36
180  5.58824e-36
190  5.66132e-36
200  5.74431e-36
300  6.75193e-36
400  7.97058e-36
500  9.29074e-36
600  1.06412e-35
700  1.20201e-35
800  1.34042e-35
900  1.48011e-35
1000  1.61988e-35
2000  3.00666e-35
3000  4.39787e-35
4000  5.78613e-35
5000  7.17399e-35
6000  8.56197e-35
7000  9.95027e-35
8000  1.13387e-34
9000  1.27274e-34
10000  1.41157e-34
