0.000000000000000000e+00 9.425089189782589241e-07
8.080808080808081328e+00 6.932285226503642487e-06
1.616161616161616266e+01 1.945356025760266194e-05
2.424242424242424221e+01 3.633944434808230797e-05
3.232323232323232531e+01 6.023689011619460940e-05
4.040404040404040842e+01 9.008447396626779048e-05
4.848484848484848442e+01 1.264107055724952638e-04
5.656565656565656752e+01 1.657802720526198271e-04
6.464646464646465063e+01 2.121261662320974857e-04
7.272727272727273373e+01 2.632991154358749848e-04
8.080808080808081684e+01 3.191317582671244959e-04
8.888888888888889994e+01 3.808837094493402499e-04
9.696969696969696884e+01 4.451813155622542841e-04
1.050505050505050519e+02 5.138435307345489127e-04
1.131313131313131350e+02 5.835319355242357502e-04
1.212121212121212182e+02 6.636540021319576547e-04
1.292929292929293013e+02 7.402658836535783030e-04
1.373737373737373844e+02 8.227838607843103664e-04
1.454545454545454675e+02 9.081073434355523607e-04
1.535353535353535506e+02 9.931709754969827043e-04
1.616161616161616337e+02 1.071544555932581449e-03
1.696969696969697168e+02 1.159462140234656128e-03
1.777777777777777999e+02 1.245296515570951936e-03
1.858585858585858830e+02 1.330043041827866195e-03
1.939393939393939377e+02 1.411451148642792284e-03
2.020202020202020208e+02 1.492251469332395641e-03
2.101010101010101039e+02 1.572818364915896895e-03
2.181818181818181870e+02 1.645867210383996975e-03
2.262626262626262701e+02 1.710618453967260389e-03
2.343434343434343532e+02 1.784395875237376316e-03
2.424242424242424363e+02 1.842758431010184253e-03
2.505050505050505194e+02 1.901461374630949216e-03
2.585858585858586025e+02 1.946800389953249862e-03
2.666666666666666856e+02 2.007598517131087279e-03
2.747474747474747687e+02 2.126502331417368542e-03
2.828282828282828518e+02 2.518981911716070259e-03
2.909090909090909349e+02 3.636734699451522716e-03
2.989898989898990180e+02 5.848673977431681145e-03
3.070707070707071011e+02 8.584947023771005020e-03
3.151515151515151842e+02 1.016166748417541427e-02
3.232323232323232673e+02 9.440576608042589371e-03
3.313131313131313505e+02 7.109810265516842281e-03
3.393939393939394336e+02 4.776602203829910867e-03
3.474747474747475167e+02 3.263519367040078334e-03
3.555555555555555998e+02 2.510886597420490182e-03
3.636363636363636829e+02 2.182108341485175518e-03
3.717171717171717660e+02 2.018505827898009562e-03
3.797979797979798491e+02 1.926075933871434793e-03
3.878787878787878753e+02 1.853258268823840781e-03
3.959595959595959584e+02 1.787678382187215479e-03
4.040404040404040416e+02 1.724492180025079908e-03
4.121212121212121247e+02 1.660780304491977144e-03
4.202020202020202078e+02 1.594049789519386444e-03
4.282828282828282909e+02 1.524381450857521889e-03
4.363636363636363740e+02 1.460654960600924791e-03
4.444444444444444571e+02 1.394246196005941539e-03
4.525252525252525402e+02 1.322175093435099371e-03
4.606060606060606233e+02 1.246612731261865538e-03
4.686868686868687064e+02 1.177113709105431305e-03
4.767676767676767895e+02 1.108306808020018391e-03
4.848484848484848726e+02 1.038415807855224120e-03
4.929292929292929557e+02 9.748052643187614602e-04
5.010101010101010388e+02 9.063280275324346385e-04
5.090909090909091219e+02 8.410482742749778940e-04
5.171717171717172050e+02 7.794196420167404972e-04
5.252525252525252881e+02 7.238512540225878686e-04
5.333333333333333712e+02 6.653496373366616116e-04
5.414141414141414543e+02 6.092351226791755921e-04
5.494949494949495374e+02 5.537768408671463844e-04
5.575757575757576205e+02 5.103157286593078138e-04
5.656565656565657036e+02 4.642649190479214644e-04
5.737373737373737868e+02 4.192931500213466895e-04
5.818181818181818699e+02 3.813769851452540583e-04
5.898989898989899530e+02 3.416815043660435423e-04
5.979797979797980361e+02 3.084778840848422074e-04
6.060606060606061192e+02 2.755561356298773267e-04
6.141414141414142023e+02 2.446823621624119030e-04
6.222222222222222854e+02 2.190584514586011095e-04
6.303030303030303685e+02 1.950068570355157531e-04
6.383838383838384516e+02 1.705192421312207792e-04
6.464646464646465347e+02 1.511934050448815469e-04
6.545454545454546178e+02 1.299429118950212422e-04
6.626262626262627009e+02 1.140964301637886633e-04
6.707070707070707840e+02 9.843052257123880865e-05
6.787878787878788671e+02 8.415195287344669260e-05
6.868686868686869502e+02 7.321620686492792283e-05
6.949494949494950333e+02 6.162422801095232766e-05
7.030303030303031164e+02 5.035375920877772449e-05
7.111111111111111995e+02 4.302509172662902085e-05
7.191919191919192826e+02 3.557310532050185834e-05
7.272727272727273657e+02 2.906362783335294289e-05
7.353535353535354488e+02 2.331168087921459635e-05
7.434343434343435320e+02 1.794290343886648141e-05
7.515151515151516151e+02 1.306299744714727009e-05
7.595959595959596982e+02 9.310578760374016170e-06
7.676767676767677813e+02 6.152733457068353976e-06
7.757575757575757507e+02 2.774675789515434834e-06
7.838383838383838338e+02 4.404247284945134724e-07
7.919191919191919169e+02 0.000000000000000000e+00
8.000000000000000000e+02 0.000000000000000000e+00
