14  1.46607e-30
16  3.16488e-32
18  1.97015e-33
20  1.88996e-34
22  4.57997e-35
24  1.58663e-35
26  6.65588e-36
28  3.50846e-36
30  2.10713e-36
35  8.13854e-37
40  4.32106e-37
50  2.01975e-37
60  1.32681e-37
70  1.02789e-37
80  8.72197e-38
90  7.8201e-38
100  7.26589e-38
110  6.91418e-38
120  6.69096e-38
130  6.55314e-38
140  6.4747e-38
150  6.44031e-38
160  6.43718e-38
170  6.45947e-38
180  6.50002e-38
190  6.55675e-38
200  6.62682e-38
300  7.68973e-38
400  9.02579e-38
500  1.04577e-37
600  1.19304e-37
700  1.34291e-37
800  1.49424e-37
900  1.64611e-37
1000  1.79887e-37
2000  3.33988e-37
3000  4.88725e-37
4000  6.43643e-37
5000  7.98631e-37
6000  9.53653e-37
7000  1.1087e-36
8000  1.26376e-36
9000  1.41882e-36
10000  1.5739e-36
