1  9.35847e-10
11  7.85615e-09
21  1.13349e-08
31  1.24912e-08
41  1.2199e-08
51  1.10966e-08
61  9.623e-09
71  8.05648e-09
81  6.56259e-09
91  5.22766e-09
101  4.085e-09
111  3.13851e-09
121  2.37435e-09
131  1.7713e-09
141  1.30201e-09
151  9.44696e-10
161  6.73264e-10
171  4.72345e-10
181  3.24944e-10
191  2.18455e-10
201  1.42113e-10
211  8.90046e-11
221  5.27336e-11
231  2.853e-11
241  1.33703e-11
251  4.7868e-12
261  5.03784e-13
271  0
281  0
291  0
301  0
311  0
321  0
331  0
341  0
351  0
361  0
371  0
381  0
391  0
401  0
411  0
421  0
431  0
441  0
451  0
461  0
471  0
481  0
491  0
501  0
511  0
521  0
531  0
541  0
551  0
561  0
571  0
581  0
