1  2.0464e-07
11  1.43155e-07
21  9.91173e-08
31  6.79777e-08
41  4.61937e-08
51  3.11184e-08
61  2.07885e-08
71  1.37672e-08
81  9.04137e-09
91  5.88428e-09
101  3.79372e-09
111  2.42115e-09
121  1.52807e-09
131  9.52247e-10
141  5.85066e-10
151  3.53383e-10
161  2.09245e-10
171  1.20986e-10
181  6.79166e-11
191  3.67043e-11
201  1.88928e-11
211  9.10287e-12
221  3.99894e-12
231  1.5213e-12
241  4.57651e-13
251  8.13879e-14
261  3.0675e-16
271  0
281  0
291  0
301  0
311  0
321  0
331  0
341  0
351  0
361  0
371  0
381  0
391  0
401  0
411  0
421  0
431  0
441  0
451  0
461  0
471  0
481  0
491  0
501  0
511  0
521  0
531  0
541  0
551  0
561  0
571  0
581  0
