1  1.65068e-07
11  1.19398e-07
21  8.54538e-08
31  6.0359e-08
41  4.21297e-08
51  2.90926e-08
61  1.9897e-08
71  1.34847e-08
81  9.06074e-09
91  6.03801e-09
101  3.98979e-09
111  2.6139e-09
121  1.69733e-09
131  1.09247e-09
141  6.95625e-10
151  4.38562e-10
161  2.72204e-10
171  1.66582e-10
181  1.00058e-10
191  5.87554e-11
201  3.33803e-11
211  1.82447e-11
221  9.42211e-12
231  4.43541e-12
241  1.80441e-12
251  5.59155e-13
261  5.07537e-14
271  0
281  0
291  0
301  0
311  0
321  0
331  0
341  0
351  0
361  0
371  0
381  0
391  0
401  0
411  0
421  0
431  0
441  0
451  0
461  0
471  0
481  0
491  0
501  0
511  0
521  0
531  0
541  0
551  0
561  0
571  0
581  0
