1  7.01079e-08
11  5.35031e-08
21  4.04353e-08
31  3.0186e-08
41  2.22895e-08
51  1.62998e-08
61  1.1818e-08
71  8.50059e-09
81  6.06949e-09
91  4.30356e-09
101  3.02993e-09
111  2.11818e-09
121  1.47001e-09
131  1.01294e-09
141  6.91765e-10
151  4.68681e-10
161  3.13272e-10
171  2.06931e-10
181  1.3449e-10
191  8.56822e-11
201  5.29664e-11
211  3.16003e-11
221  1.78755e-11
231  9.25235e-12
241  4.1561e-12
251  1.42868e-12
261  1.44599e-13
271  0
281  0
291  0
301  0
311  0
321  0
331  0
341  0
351  0
361  0
371  0
381  0
391  0
401  0
411  0
421  0
431  0
441  0
451  0
461  0
471  0
481  0
491  0
501  0
511  0
521  0
531  0
541  0
551  0
561  0
571  0
581  0
