1  2.20344e-09
11  1.75318e-08
21  2.39546e-08
31  2.49771e-08
41  2.30574e-08
51  1.98057e-08
61  1.62015e-08
71  1.27802e-08
81  9.79686e-09
91  7.33455e-09
101  5.3791e-09
111  3.87301e-09
121  2.74151e-09
131  1.91038e-09
141  1.30928e-09
151  8.83987e-10
161  5.85004e-10
171  3.80245e-10
181  2.41752e-10
191  1.49803e-10
201  8.95621e-11
211  5.13874e-11
221  2.77958e-11
231  1.36768e-11
241  5.80484e-12
251  1.87346e-12
261  1.76826e-13
271  0
281  0
291  0
301  0
311  0
321  0
331  0
341  0
351  0
361  0
371  0
381  0
391  0
401  0
411  0
421  0
431  0
441  0
451  0
461  0
471  0
481  0
491  0
501  0
511  0
521  0
531  0
541  0
551  0
561  0
571  0
581  0
