1  1.65444e-05
11  1.22508e-05
21  8.98246e-06
31  6.50487e-06
41  4.6588e-06
51  3.30395e-06
61  2.32275e-06
71  1.61974e-06
81  1.12101e-06
91  7.70305e-07
101  5.25479e-07
111  3.5586e-07
121  2.39183e-07
131  1.59581e-07
141  1.05495e-07
151  6.91677e-08
161  4.47275e-08
171  2.8574e-08
181  1.79551e-08
191  1.10557e-08
201  6.6029e-09
211  3.8045e-09
221  2.07757e-09
231  1.03766e-09
241  4.49565e-10
251  1.48982e-10
261  1.45291e-11
271  0
281  0
291  0
301  0
311  0
321  0
331  0
341  0
351  0
361  0
371  0
381  0
391  0
401  0
411  0
421  0
431  0
441  0
451  0
461  0
471  0
481  0
491  0
501  0
511  0
521  0
531  0
541  0
551  0
561  0
571  0
581  0
