1  8.6915e-08
11  6.4149e-08
21  4.69006e-08
31  3.39962e-08
41  2.44397e-08
51  1.74348e-08
61  1.23475e-08
71  8.67867e-09
81  6.05651e-09
91  4.194e-09
101  2.88103e-09
111  1.96198e-09
121  1.32342e-09
131  8.82923e-10
141  5.8182e-10
151  3.77652e-10
161  2.40814e-10
171  1.50291e-10
181  9.12882e-11
191  5.35253e-11
201  2.99783e-11
211  1.57665e-11
221  7.58673e-12
231  3.17346e-12
241  1.05411e-12
251  2.07951e-13
261  8.73943e-16
271  0
281  0
291  0
301  0
311  0
321  0
331  0
341  0
351  0
361  0
371  0
381  0
391  0
401  0
411  0
421  0
431  0
441  0
451  0
461  0
471  0
481  0
491  0
501  0
511  0
521  0
531  0
541  0
551  0
561  0
571  0
581  0
