0.000000000000000000e+00 9.733370332304686021e-07
8.080808080808081328e+00 6.905848271970021598e-06
1.616161616161616266e+01 1.848019091147079813e-05
2.424242424242424221e+01 3.663006382523895110e-05
3.232323232323232531e+01 6.063317165829801612e-05
4.040404040404040842e+01 9.015919641294534463e-05
4.848484848484848442e+01 1.250231600104674805e-04
5.656565656565656752e+01 1.667004828406028812e-04
6.464646464646465063e+01 2.124120894826799855e-04
7.272727272727273373e+01 2.636774427261309056e-04
8.080808080808081684e+01 3.188141229026568565e-04
8.888888888888889994e+01 3.794428903209855187e-04
9.696969696969696884e+01 4.468321660922950625e-04
1.050505050505050519e+02 5.165336678475230614e-04
1.131313131313131350e+02 5.849447272917260863e-04
1.212121212121212182e+02 6.611997381213746867e-04
1.292929292929293013e+02 7.386306810228445568e-04
1.373737373737373844e+02 8.222583895612163747e-04
1.454545454545454675e+02 9.036091060354244607e-04
1.535353535353535506e+02 9.922224142191213118e-04
1.616161616161616337e+02 1.074881189964232032e-03
1.696969696969697168e+02 1.161706376720365169e-03
1.777777777777777999e+02 1.246532038530405277e-03
1.858585858585858830e+02 1.326477802454384793e-03
1.939393939393939377e+02 1.408682941482650381e-03
2.020202020202020208e+02 1.494644897204787295e-03
2.101010101010101039e+02 1.567173921020350094e-03
2.181818181818181870e+02 1.640376793551226280e-03
2.262626262626262701e+02 1.719670729959739105e-03
2.343434343434343532e+02 1.782805509920638637e-03
2.424242424242424363e+02 1.845182760606806386e-03
2.505050505050505194e+02 1.896364433290839181e-03
2.585858585858586025e+02 1.948012955411625299e-03
2.666666666666666856e+02 1.995675640360132681e-03
2.747474747474747687e+02 2.031904918348159412e-03
2.828282828282828518e+02 2.061972664619039081e-03
2.909090909090909349e+02 2.084355012143370052e-03
2.989898989898990180e+02 2.100716763629574806e-03
3.070707070707071011e+02 2.111731767792965862e-03
3.151515151515151842e+02 2.109203734050548243e-03
3.232323232323232673e+02 2.104086007206141737e-03
3.313131313131313505e+02 2.098466197005227456e-03
3.393939393939394336e+02 2.071366908473702348e-03
3.474747474747475167e+02 2.056044557620268897e-03
3.555555555555555998e+02 2.020260107869148360e-03
3.636363636363636829e+02 1.979274250714204222e-03
3.717171717171717660e+02 1.938737626036134880e-03
3.797979797979798491e+02 1.890691772210292571e-03
3.878787878787878753e+02 1.839404397766994902e-03
3.959595959595959584e+02 1.782563276722323254e-03
4.040404040404040416e+02 1.725801998517161430e-03
4.121212121212121247e+02 1.662816787275404277e-03
4.202020202020202078e+02 1.590073041222169782e-03
4.282828282828282909e+02 1.527707855578421805e-03
4.363636363636363740e+02 1.462708992878167550e-03
4.444444444444444571e+02 1.398675791667042083e-03
4.525252525252525402e+02 1.335100777369243067e-03
4.606060606060606233e+02 1.283013635837601269e-03
4.686868686868687064e+02 1.255914637654809499e-03
4.767676767676767895e+02 1.276582675413516629e-03
4.848484848484848726e+02 1.363348213067937112e-03
4.929292929292929557e+02 1.556819302778863915e-03
5.010101010101010388e+02 1.879517914515362997e-03
5.090909090909091219e+02 2.335420510345427320e-03
5.171717171717172050e+02 2.890565394211785499e-03
5.252525252525252881e+02 3.481979528799583178e-03
5.333333333333333712e+02 4.012567187099166759e-03
5.414141414141414543e+02 4.378931201363222940e-03
5.494949494949495374e+02 4.499126623031103264e-03
5.575757575757576205e+02 4.337129138946610625e-03
5.656565656565657036e+02 3.939239641224288706e-03
5.737373737373737868e+02 3.381055501874092196e-03
5.818181818181818699e+02 2.741248928287754773e-03
5.898989898989899530e+02 2.114216971113665536e-03
5.979797979797980361e+02 1.570220595375100125e-03
6.060606060606061192e+02 1.128865630438984601e-03
6.141414141414142023e+02 7.968640208154258728e-04
6.222222222222222854e+02 5.596645933679746283e-04
6.303030303030303685e+02 3.989855937332308501e-04
6.383838383838384516e+02 2.897918024549951026e-04
6.464646464646465347e+02 2.151036325695609313e-04
6.545454545454546178e+02 1.678534051689620004e-04
6.626262626262627009e+02 1.334729474905684921e-04
6.707070707070707840e+02 1.093383342336124147e-04
6.787878787878788671e+02 9.102120276685427285e-05
6.868686868686869502e+02 7.607345001158062690e-05
6.949494949494950333e+02 6.339143560898608746e-05
7.030303030303031164e+02 5.359477583227048657e-05
7.111111111111111995e+02 4.363998737883243638e-05
7.191919191919192826e+02 3.579259667240668587e-05
7.272727272727273657e+02 2.946178863581133315e-05
7.353535353535354488e+02 2.289175544102322520e-05
7.434343434343435320e+02 1.771620695695381344e-05
7.515151515151516151e+02 1.335993482709507437e-05
7.595959595959596982e+02 9.050058897083178899e-06
7.676767676767677813e+02 5.809192519597231787e-06
7.757575757575757507e+02 2.974736979323829663e-06
7.838383838383838338e+02 4.492324768756009218e-07
7.919191919191919169e+02 0.000000000000000000e+00
8.000000000000000000e+02 0.000000000000000000e+00
