1  1.77821e-05
11  1.42476e-05
21  9.70522e-06
31  5.88148e-06
41  3.40984e-06
51  1.99213e-06
61  1.19824e-06
71  7.43081e-07
81  4.71233e-07
91  3.03139e-07
101  1.96375e-07
111  1.27581e-07
121  8.2863e-08
131  5.37535e-08
141  3.46818e-08
151  2.22257e-08
161  1.41026e-08
171  8.84759e-09
181  5.47971e-09
191  3.33757e-09
201  1.98334e-09
211  1.14423e-09
221  6.26454e-10
231  3.14279e-10
241  1.37074e-10
251  4.46801e-11
261  4.24912e-12
271  0
281  0
291  0
301  0
311  0
321  0
331  0
341  0
351  0
361  0
371  0
381  0
391  0
401  0
411  0
421  0
431  0
441  0
451  0
461  0
471  0
481  0
491  0
501  0
511  0
521  0
531  0
541  0
551  0
561  0
571  0
581  0
