1  1.47079e-05
11  1.1478e-05
21  8.98202e-06
31  7.05479e-06
41  5.58236e-06
51  4.4647e-06
61  3.58365e-06
71  2.73908e-06
81  1.79533e-06
91  9.6794e-07
101  4.85173e-07
111  2.70047e-07
121  1.70115e-07
131  1.12088e-07
141  7.4099e-08
151  4.85073e-08
161  3.14154e-08
171  2.00675e-08
181  1.25911e-08
191  7.76025e-09
201  4.63663e-09
211  2.67666e-09
221  1.45829e-09
231  7.36749e-10
241  3.19648e-10
251  1.03782e-10
261  9.62275e-12
271  0
281  0
291  0
301  0
311  0
321  0
331  0
341  0
351  0
361  0
371  0
381  0
391  0
401  0
411  0
421  0
431  0
441  0
451  0
461  0
471  0
481  0
491  0
501  0
511  0
521  0
531  0
541  0
551  0
561  0
571  0
581  0
