1  1.40568e-05
11  1.08732e-05
21  8.42212e-06
31  6.5343e-06
41  5.09911e-06
51  4.01893e-06
61  3.20618e-06
71  2.59725e-06
81  2.14031e-06
91  1.7927e-06
101  1.51768e-06
111  1.26058e-06
121  9.58317e-07
131  6.17465e-07
141  3.27256e-07
151  1.48081e-07
161  6.32984e-08
171  2.88256e-08
181  1.47709e-08
191  8.25952e-09
201  4.7404e-09
211  2.6901e-09
221  1.45971e-09
231  7.27595e-10
241  3.15138e-10
251  1.02827e-10
261  1.013e-11
271  0
281  0
291  0
301  0
311  0
321  0
331  0
341  0
351  0
361  0
371  0
381  0
391  0
401  0
411  0
421  0
431  0
441  0
451  0
461  0
471  0
481  0
491  0
501  0
511  0
521  0
531  0
541  0
551  0
561  0
571  0
581  0
