1  2.02841e-05
11  1.2395e-05
21  7.07022e-06
31  4.6592e-06
41  3.27255e-06
51  2.31384e-06
61  1.62601e-06
71  1.13383e-06
81  7.84708e-07
91  5.39213e-07
101  3.67835e-07
111  2.49102e-07
121  1.67428e-07
131  1.11707e-07
141  7.38463e-08
151  4.84174e-08
161  3.13092e-08
171  2.00018e-08
181  1.25685e-08
191  7.73897e-09
201  4.62203e-09
211  2.66315e-09
221  1.4543e-09
231  7.2636e-10
241  3.14695e-10
251  1.04288e-10
261  1.01703e-11
271  0
281  0
291  0
301  0
311  0
321  0
331  0
341  0
351  0
361  0
371  0
381  0
391  0
401  0
411  0
421  0
431  0
441  0
451  0
461  0
471  0
481  0
491  0
501  0
511  0
521  0
531  0
541  0
551  0
561  0
571  0
581  0
