1  1.58481e-05
11  1.25716e-05
21  9.99009e-06
31  7.99696e-06
41  5.74546e-06
51  2.52551e-06
61  1.63083e-06
71  1.13381e-06
81  7.84578e-07
91  5.39047e-07
101  3.67944e-07
111  2.4927e-07
121  1.67601e-07
131  1.11874e-07
141  7.40545e-08
151  4.85691e-08
161  3.14557e-08
171  2.01176e-08
181  1.26631e-08
191  7.78284e-09
201  4.6631e-09
211  2.68328e-09
221  1.467e-09
231  7.38419e-10
241  3.22622e-10
251  1.05598e-10
261  1.00925e-11
271  0
281  0
291  0
301  0
311  0
321  0
331  0
341  0
351  0
361  0
371  0
381  0
391  0
401  0
411  0
421  0
431  0
441  0
451  0
461  0
471  0
481  0
491  0
501  0
511  0
521  0
531  0
541  0
551  0
561  0
571  0
581  0
