1  1.71829e-05
11  1.34007e-05
21  9.60031e-06
31  6.37548e-06
41  4.0285e-06
51  2.48464e-06
61  1.51616e-06
71  9.23445e-07
81  5.60153e-07
91  3.39327e-07
101  2.04156e-07
111  1.21355e-07
121  7.15756e-08
131  4.19812e-08
141  2.4384e-08
151  1.4104e-08
161  8.08494e-09
171  4.61239e-09
181  2.64167e-09
191  1.5349e-09
201  8.73749e-10
211  4.9249e-10
221  2.71524e-10
231  1.40675e-10
241  6.43093e-11
251  2.27901e-11
261  2.67896e-12
271  0
281  0
291  0
301  0
311  0
321  0
331  0
341  0
351  0
361  0
371  0
381  0
391  0
401  0
411  0
421  0
431  0
441  0
451  0
461  0
471  0
481  0
491  0
501  0
511  0
521  0
531  0
541  0
551  0
561  0
571  0
581  0
