1  1.36749e-05
11  1.05232e-05
21  8.09454e-06
31  6.23213e-06
41  4.82165e-06
51  3.76339e-06
61  2.96633e-06
71  2.37409e-06
81  1.93399e-06
91  1.60283e-06
101  1.35148e-06
111  1.15838e-06
121  1.00789e-06
131  8.87892e-07
141  7.90428e-07
151  7.09113e-07
161  6.35443e-07
171  5.36019e-07
181  3.55761e-07
191  1.50268e-07
201  3.68965e-08
211  6.44424e-09
221  1.67531e-09
231  7.33985e-10
241  3.13845e-10
251  1.01232e-10
261  1.00634e-11
271  0
281  0
291  0
301  0
311  0
321  0
331  0
341  0
351  0
361  0
371  0
381  0
391  0
401  0
411  0
421  0
431  0
441  0
451  0
461  0
471  0
481  0
491  0
501  0
511  0
521  0
531  0
541  0
551  0
561  0
571  0
581  0
