1  1.82542e-07
11  1.54518e-06
21  2.26908e-06
31  2.57891e-06
41  2.63887e-06
51  2.56205e-06
61  2.41539e-06
71  2.25006e-06
81  2.09112e-06
91  1.947e-06
101  1.82209e-06
111  1.71637e-06
121  1.62794e-06
131  1.55263e-06
141  1.48771e-06
151  1.42932e-06
161  1.36565e-06
171  1.22353e-06
181  8.59558e-07
191  3.83122e-07
201  9.89964e-08
211  1.81506e-08
221  4.94226e-09
231  2.26327e-09
241  1.00965e-09
251  3.39178e-10
261  3.50609e-11
271  0
281  0
291  0
301  0
311  0
321  0
331  0
341  0
351  0
361  0
371  0
381  0
391  0
401  0
411  0
421  0
431  0
441  0
451  0
461  0
471  0
481  0
491  0
501  0
511  0
521  0
531  0
541  0
551  0
561  0
571  0
581  0
