1  2.20845e-07
11  1.79884e-06
21  2.51798e-06
31  2.69177e-06
41  2.54974e-06
51  2.24927e-06
61  1.89134e-06
71  1.53512e-06
81  1.21208e-06
91  9.35711e-07
101  7.08459e-07
111  5.27278e-07
121  3.86326e-07
131  2.79056e-07
141  1.98558e-07
151  1.39418e-07
161  9.61254e-08
171  6.52237e-08
181  4.33814e-08
191  2.81875e-08
201  1.77161e-08
211  1.07156e-08
221  6.12894e-09
231  3.19966e-09
241  1.44626e-09
251  4.99167e-10
261  5.06193e-11
271  0
281  0
291  0
301  0
311  0
321  0
331  0
341  0
351  0
361  0
371  0
381  0
391  0
401  0
411  0
421  0
431  0
441  0
451  0
461  0
471  0
481  0
491  0
501  0
511  0
521  0
531  0
541  0
551  0
561  0
571  0
581  0
