1  2.66191e-05
11  2.10779e-05
21  1.67378e-05
31  1.33683e-05
41  1.07397e-05
51  8.66406e-06
61  6.99376e-06
71  5.66386e-06
81  4.59474e-06
91  3.71708e-06
101  2.98939e-06
111  2.38209e-06
121  1.87243e-06
131  1.44131e-06
141  1.07586e-06
151  7.6433e-07
161  4.99571e-07
171  2.79931e-07
181  1.19078e-07
191  3.41873e-08
201  7.00868e-09
211  1.67031e-09
221  6.27472e-10
231  2.47785e-10
241  7.84878e-11
251  1.47406e-11
261  8.34755e-14
271  0
281  0
291  0
301  0
311  0
321  0
331  0
341  0
351  0
361  0
371  0
381  0
391  0
401  0
411  0
421  0
431  0
441  0
451  0
461  0
471  0
481  0
491  0
501  0
511  0
521  0
531  0
541  0
551  0
561  0
571  0
581  0
