1  1.78155e-05
11  1.16141e-05
21  7.12671e-06
31  4.2725e-06
41  2.58234e-06
51  1.59394e-06
61  1.00415e-06
71  6.41133e-07
81  4.12634e-07
91  2.66205e-07
101  1.71586e-07
111  1.10213e-07
121  7.03938e-08
131  4.46009e-08
141  2.79686e-08
151  1.731e-08
161  1.05491e-08
171  6.30597e-09
181  3.67972e-09
191  2.07932e-09
201  1.12555e-09
211  5.73535e-10
221  2.66743e-10
231  1.07968e-10
241  3.43517e-11
251  6.44431e-12
261  1.33016e-14
271  0
281  0
291  0
301  0
311  0
321  0
331  0
341  0
351  0
361  0
371  0
381  0
391  0
401  0
411  0
421  0
431  0
441  0
451  0
461  0
471  0
481  0
491  0
501  0
511  0
521  0
531  0
541  0
551  0
561  0
571  0
581  0
