1  2.37368e-07
11  2.09205e-06
21  2.72059e-06
31  2.43381e-06
41  1.86619e-06
51  1.35621e-06
61  9.75689e-07
71  7.04259e-07
81  5.09517e-07
91  3.68231e-07
101  2.64755e-07
111  1.89037e-07
121  1.33839e-07
131  9.39974e-08
141  6.52768e-08
151  4.47993e-08
161  3.03083e-08
171  2.01957e-08
181  1.32396e-08
191  8.50946e-09
201  5.32147e-09
211  3.22281e-09
221  1.84808e-09
231  9.69094e-10
241  4.40971e-10
251  1.49701e-10
261  1.4804e-11
271  0
281  0
291  0
301  0
311  0
321  0
331  0
341  0
351  0
361  0
371  0
381  0
391  0
401  0
411  0
421  0
431  0
441  0
451  0
461  0
471  0
481  0
491  0
501  0
511  0
521  0
531  0
541  0
551  0
561  0
571  0
581  0
