1  2.05106e-05
11  1.46884e-05
21  1.04187e-05
31  7.32594e-06
41  5.1082e-06
51  3.53401e-06
61  2.42683e-06
71  1.65368e-06
81  1.11861e-06
91  7.50693e-07
101  4.99655e-07
111  3.29619e-07
121  2.15332e-07
131  1.39098e-07
141  8.87279e-08
151  5.57337e-08
161  3.43823e-08
171  2.07529e-08
181  1.21874e-08
191  6.90643e-09
201  3.73716e-09
211  1.89819e-09
221  8.81764e-10
231  3.55906e-10
241  1.14023e-10
251  2.16852e-11
261  8.78121e-14
271  0
281  0
291  0
301  0
311  0
321  0
331  0
341  0
351  0
361  0
371  0
381  0
391  0
401  0
411  0
421  0
431  0
441  0
451  0
461  0
471  0
481  0
491  0
501  0
511  0
521  0
531  0
541  0
551  0
561  0
571  0
581  0
