12  2.62557e-26
14  4.4206e-31
16  9.78791e-33
18  5.91198e-34
20  5.72537e-35
22  1.39294e-35
24  4.85108e-36
26  2.0495e-36
28  1.09107e-36
30  6.63263e-37
35  2.63043e-37
40  1.43056e-37
50  7.07479e-38
60  4.89527e-38
70  3.97302e-38
80  3.51542e-38
90  3.27195e-38
100  3.14328e-38
110  3.08114e-38
120  3.06233e-38
130  3.07199e-38
140  3.10171e-38
150  3.14544e-38
160  3.2001e-38
170  3.26313e-38
180  3.33266e-38
190  3.4074e-38
200  3.48641e-38
300  4.39877e-38
400  5.40289e-38
500  6.43755e-38
600  7.48642e-38
700  8.54333e-38
800  9.60505e-38
900  1.06691e-37
1000  1.17354e-37
2000  2.24428e-37
3000  3.31727e-37
4000  4.3908e-37
5000  5.46454e-37
6000  6.5384e-37
7000  7.61235e-37
8000  8.68625e-37
9000  9.76024e-37
10000  1.08342e-36
