10  0.00134799
12  0.000236503
14  1.62107e-06
16  2.46372e-07
18  8.30962e-08
20  3.52371e-08
22  1.93273e-08
24  1.25235e-08
26  9.01106e-09
28  6.97615e-09
30  5.68627e-09
35  3.95253e-09
40  3.12491e-09
50  2.37366e-09
60  2.05292e-09
70  1.89258e-09
80  1.80491e-09
90  1.75522e-09
100  1.72645e-09
110  1.70866e-09
120  1.69755e-09
130  1.69158e-09
140  1.68989e-09
150  1.69227e-09
160  1.69583e-09
170  1.70303e-09
180  1.71001e-09
190  1.71851e-09
200  1.72926e-09
300  1.86625e-09
400  2.03039e-09
500  2.19614e-09
600  2.35579e-09
700  2.50764e-09
800  2.65308e-09
900  2.79182e-09
1000  2.9248e-09
2000  4.0155e-09
3000  4.86859e-09
4000  5.59439e-09
5000  6.23619e-09
6000  6.81781e-09
7000  7.35341e-09
8000  7.8527e-09
9000  8.3221e-09
10000  8.76641e-09
