10  0.00136499
12  0.000227144
14  1.62462e-06
16  2.46827e-07
18  8.10324e-08
20  3.3266e-08
22  1.68142e-08
24  9.79985e-09
26  6.38218e-09
28  4.43601e-09
30  3.28865e-09
35  1.98828e-09
40  1.49708e-09
50  1.17608e-09
60  1.05638e-09
70  1.03053e-09
80  1.05004e-09
90  1.07891e-09
100  1.10882e-09
110  1.13846e-09
120  1.16749e-09
130  1.19646e-09
140  1.2248e-09
150  1.25281e-09
160  1.28032e-09
170  1.30753e-09
180  1.33414e-09
190  1.36042e-09
200  1.38662e-09
300  1.62657e-09
400  1.83809e-09
500  2.02844e-09
600  2.20332e-09
700  2.3655e-09
800  2.51733e-09
900  2.66049e-09
1000  2.79632e-09
2000  3.9042e-09
3000  4.7617e-09
4000  5.4869e-09
5000  6.12688e-09
6000  6.70604e-09
7000  7.23901e-09
8000  7.73537e-09
9000  8.20175e-09
10000  8.643e-09
