10  0.00293552
12  0.000528435
14  3.76999e-06
16  5.50537e-07
18  1.87897e-07
20  7.91914e-08
22  4.21856e-08
24  2.65037e-08
26  1.82447e-08
28  1.35346e-08
30  1.05373e-08
35  6.62521e-09
40  4.83185e-09
50  3.27556e-09
60  2.63141e-09
70  2.30291e-09
80  2.11396e-09
90  1.99896e-09
100  1.92726e-09
110  1.88253e-09
120  1.85501e-09
130  1.83953e-09
140  1.83238e-09
150  1.83146e-09
160  1.8351e-09
170  1.84226e-09
180  1.85202e-09
190  1.86389e-09
200  1.87744e-09
300  2.05405e-09
400  2.24719e-09
500  2.43399e-09
600  2.6113e-09
700  2.77928e-09
800  2.93878e-09
900  3.09082e-09
1000  3.23622e-09
2000  4.44229e-09
3000  5.38765e-09
4000  6.19091e-09
5000  6.90155e-09
6000  7.54565e-09
7000  8.139e-09
8000  8.69198e-09
9000  9.21183e-09
10000  9.70388e-09
