10  0.00135956
12  0.000236987
14  1.62576e-06
16  2.47489e-07
18  8.35655e-08
20  3.53392e-08
22  1.9355e-08
24  1.25458e-08
26  9.02172e-09
28  6.98441e-09
30  5.68992e-09
35  3.95222e-09
40  3.12054e-09
50  2.3527e-09
60  2.00296e-09
70  1.80779e-09
80  1.68685e-09
90  1.60889e-09
100  1.55848e-09
110  1.52629e-09
120  1.50676e-09
130  1.49637e-09
140  1.49258e-09
150  1.49335e-09
160  1.49794e-09
170  1.5051e-09
180  1.51451e-09
190  1.52554e-09
200  1.53763e-09
300  1.69276e-09
400  1.86064e-09
500  2.02269e-09
600  2.17661e-09
700  2.32196e-09
800  2.45973e-09
900  2.59111e-09
1000  2.71648e-09
2000  3.75197e-09
3000  4.56108e-09
4000  5.2474e-09
5000  5.85401e-09
6000  6.40343e-09
7000  6.90936e-09
8000  7.38074e-09
9000  7.82379e-09
10000  8.24301e-09
