10  0.00135971
12  0.000237297
14  1.6282e-06
16  2.49206e-07
18  8.34184e-08
20  3.53811e-08
22  1.94126e-08
24  1.2569e-08
26  9.03357e-09
28  6.99423e-09
30  5.69871e-09
35  3.95801e-09
40  3.12803e-09
50  2.37458e-09
60  2.05354e-09
70  1.89452e-09
80  1.81073e-09
90  1.76686e-09
100  1.74641e-09
110  1.74037e-09
120  1.74395e-09
130  1.75392e-09
140  1.7684e-09
150  1.78592e-09
160  1.80573e-09
170  1.82719e-09
180  1.84986e-09
190  1.87341e-09
200  1.89758e-09
300  2.14817e-09
400  2.38866e-09
500  2.61204e-09
600  2.81986e-09
700  3.01447e-09
800  3.19789e-09
900  3.3717e-09
1000  3.53724e-09
2000  4.89739e-09
3000  5.95619e-09
4000  6.85363e-09
5000  7.64655e-09
6000  8.36473e-09
7000  9.02598e-09
8000  9.64198e-09
9000  1.02209e-08
10000  1.07688e-08
