10  0.00207499
12  0.000360857
14  2.48068e-06
16  3.77631e-07
18  1.2738e-07
20  5.37163e-08
22  2.93943e-08
24  1.89414e-08
26  1.35331e-08
28  1.04046e-08
30  8.4118e-09
35  5.7311e-09
40  4.44604e-09
50  3.26137e-09
60  2.73598e-09
70  2.45604e-09
80  2.29122e-09
90  2.1885e-09
100  2.12301e-09
110  2.08114e-09
120  2.05514e-09
130  2.04035e-09
140  2.03373e-09
150  2.03297e-09
160  2.03673e-09
170  2.0439e-09
180  2.05375e-09
190  2.06573e-09
200  2.07943e-09
300  2.2601e-09
400  2.46047e-09
500  2.6562e-09
600  2.84315e-09
700  3.02084e-09
800  3.19007e-09
900  3.35151e-09
1000  3.50606e-09
2000  4.79294e-09
3000  5.80456e-09
4000  6.66505e-09
5000  7.42677e-09
6000  8.11746e-09
7000  8.75389e-09
8000  9.34715e-09
9000  9.90492e-09
10000  1.0433e-08
