10  0.00135956
12  0.000236987
14  1.62576e-06
16  2.47489e-07
18  8.35655e-08
20  3.5339e-08
22  1.93541e-08
24  1.25433e-08
26  9.01674e-09
28  6.9734e-09
30  5.66533e-09
35  3.86571e-09
40  2.94106e-09
50  1.99524e-09
60  1.57565e-09
70  1.3832e-09
80  1.28899e-09
90  1.23965e-09
100  1.2123e-09
110  1.19719e-09
120  1.19291e-09
130  1.19703e-09
140  1.2074e-09
150  1.22196e-09
160  1.23956e-09
170  1.25925e-09
180  1.28004e-09
190  1.30178e-09
200  1.32421e-09
300  1.54602e-09
400  1.74804e-09
500  1.93109e-09
600  2.0983e-09
700  2.25393e-09
800  2.39967e-09
900  2.53692e-09
1000  2.667e-09
2000  3.72788e-09
3000  4.5483e-09
4000  5.24178e-09
5000  5.8537e-09
6000  6.40734e-09
7000  6.91684e-09
8000  7.39133e-09
9000  7.83711e-09
10000  8.2589e-09
