10  0.00137568
12  4.93123e-05
14  1.50332e-06
16  1.22595e-07
18  3.92513e-08
20  1.02976e-08
22  5.69191e-09
24  3.07461e-09
26  2.25872e-09
28  1.71082e-09
30  1.46057e-09
35  1.1768e-09
40  1.02175e-09
50  9.99625e-10
60  1.04063e-09
70  1.07387e-09
80  1.10451e-09
90  1.13369e-09
100  1.16269e-09
110  1.19126e-09
120  1.21994e-09
130  1.24851e-09
140  1.27631e-09
150  1.30357e-09
160  1.33173e-09
170  1.35915e-09
180  1.38604e-09
190  1.41253e-09
200  1.43827e-09
300  1.68224e-09
400  1.89861e-09
500  2.09346e-09
600  2.27224e-09
700  2.43869e-09
800  2.59442e-09
900  2.74119e-09
1000  2.88043e-09
2000  4.01805e-09
3000  4.89968e-09
4000  5.6454e-09
5000  6.30351e-09
6000  6.89919e-09
7000  7.44742e-09
8000  7.95795e-09
9000  8.43765e-09
10000  8.89149e-09
