10  0.00113762
12  0.000198537
14  1.36225e-06
16  2.085e-07
18  6.97927e-08
20  2.96019e-08
22  1.62417e-08
24  1.05159e-08
26  7.55804e-09
28  5.85179e-09
30  4.76787e-09
35  3.31152e-09
40  2.6171e-09
50  1.98672e-09
60  1.71811e-09
70  1.58508e-09
80  1.51499e-09
90  1.47832e-09
100  1.46124e-09
110  1.45625e-09
120  1.4593e-09
130  1.46772e-09
140  1.47992e-09
150  1.49468e-09
160  1.51136e-09
170  1.52943e-09
180  1.54852e-09
190  1.56835e-09
200  1.5887e-09
300  1.79982e-09
400  2.0025e-09
500  2.19078e-09
600  2.36595e-09
700  2.52997e-09
800  2.68452e-09
900  2.83098e-09
1000  2.97046e-09
2000  4.11606e-09
3000  5.00746e-09
4000  5.7629e-09
5000  6.43028e-09
6000  7.03468e-09
7000  7.59113e-09
8000  8.10951e-09
9000  8.59672e-09
10000  9.05773e-09
