14  1.82109e-28
16  3.6995e-30
18  2.21222e-31
20  1.99607e-32
22  4.6797e-33
24  1.5863e-33
26  6.48061e-34
28  3.37346e-34
30  2.01335e-34
35  7.56958e-35
40  3.97191e-35
50  1.90413e-35
60  1.29752e-35
70  1.04355e-35
80  9.17873e-36
90  8.50714e-36
100  8.14727e-36
110  7.96706e-36
120  7.90348e-36
130  7.9162e-36
140  7.98267e-36
150  8.08639e-36
160  8.21927e-36
170  8.37433e-36
180  8.54674e-36
190  8.73282e-36
200  8.93038e-36
300  1.12276e-35
400  1.37655e-35
500  1.63828e-35
600  1.90369e-35
700  2.17116e-35
800  2.43988e-35
900  2.7092e-35
1000  2.97907e-35
2000  5.68919e-35
3000  8.40503e-35
4000  1.11222e-34
5000  1.384e-34
6000  1.6558e-34
7000  1.9276e-34
8000  2.19942e-34
9000  2.47125e-34
10000  2.74309e-34
