0.000000000000000000e+00 2.491494189835549490e-07
1.081081081081081052e+01 3.931792440716145063e-06
2.162162162162162105e+01 1.250060132142851506e-05
3.243243243243243512e+01 2.661385515981021742e-05
4.324324324324324209e+01 4.611000014749883172e-05
5.405405405405404906e+01 7.176874299739571296e-05
6.486486486486487024e+01 1.060767857978265802e-04
7.567567567567567721e+01 1.503483028482909239e-04
8.648648648648648418e+01 2.048039281815714624e-04
9.729729729729729115e+01 2.812013940465483411e-04
1.081081081081080981e+02 3.673570783122264002e-04
1.189189189189189193e+02 4.816048984250487176e-04
1.297297297297297405e+02 6.306886032058034658e-04
1.405405405405405475e+02 8.034816075957201429e-04
1.513513513513513544e+02 1.016840028634272879e-03
1.621621621621621614e+02 1.259047142075561936e-03
1.729729729729729684e+02 1.528521314756805388e-03
1.837837837837837753e+02 1.850621453597238323e-03
1.945945945945945823e+02 2.182508277613071958e-03
2.054054054054053893e+02 2.525773721673330724e-03
2.162162162162161962e+02 2.876922422148514569e-03
2.270270270270270316e+02 3.199313410149722415e-03
2.378378378378378386e+02 3.520550468558085455e-03
2.486486486486486456e+02 3.784346943483728708e-03
2.594594594594594810e+02 4.016374407756512221e-03
2.702702702702702595e+02 4.158254120232216661e-03
2.810810810810810949e+02 4.248330870856815294e-03
2.918918918918918735e+02 4.303497587087059401e-03
3.027027027027027088e+02 4.256565174229960669e-03
3.135135135135134874e+02 4.157233317532565108e-03
3.243243243243243228e+02 4.021394177871724478e-03
3.351351351351351013e+02 3.843860628591460726e-03
3.459459459459459367e+02 3.621442867432101732e-03
3.567567567567567721e+02 3.371666899881097315e-03
3.675675675675675507e+02 3.130788238362172682e-03
3.783783783783783861e+02 2.863683081766130872e-03
3.891891891891891646e+02 2.603638534569881115e-03
4.000000000000000000e+02 2.214522344124020530e-03
4.108108108108107785e+02 1.969888489168993440e-03
4.216216216216216139e+02 1.762489984111215158e-03
4.324324324324323925e+02 1.546170594112508678e-03
4.432432432432432279e+02 1.358146379135330081e-03
4.540540540540540633e+02 1.188342141588544492e-03
4.648648648648648418e+02 1.026715967062977967e-03
4.756756756756756772e+02 8.966535458822761989e-04
4.864864864864864558e+02 7.671638119474842501e-04
4.972972972972972912e+02 6.621775792507143561e-04
5.081081081081080697e+02 5.659004670792105269e-04
5.189189189189189619e+02 4.861017174559338692e-04
5.297297297297296836e+02 4.144516808116851646e-04
5.405405405405405190e+02 3.524834961667659911e-04
5.513513513513513544e+02 3.016660957696868533e-04
5.621621621621621898e+02 2.569458473612459088e-04
5.729729729729729115e+02 2.193357515268369367e-04
5.837837837837837469e+02 1.847297778719209419e-04
5.945945945945945823e+02 1.552807447161392781e-04
6.054054054054054177e+02 1.324575128494126725e-04
6.162162162162162531e+02 1.091043439689888078e-04
6.270270270270269748e+02 9.352213357634586992e-05
6.378378378378378102e+02 7.632765226544992036e-05
6.486486486486486456e+02 6.449725099077101623e-05
6.594594594594594810e+02 5.324246822285017699e-05
6.702702702702702027e+02 4.351543639925125511e-05
6.810810810810810381e+02 3.428362777692938894e-05
6.918918918918918735e+02 2.912048885157569400e-05
7.027027027027027088e+02 2.230345072476831264e-05
7.135135135135135442e+02 1.678203731297949475e-05
7.243243243243242659e+02 1.296604572897503053e-05
7.351351351351351013e+02 9.598928420126983665e-06
7.459459459459459367e+02 6.412486172841527485e-06
7.567567567567567721e+02 4.303489964261403664e-06
7.675675675675674938e+02 2.328819891123237675e-06
7.783783783783783292e+02 6.455234946392106555e-07
7.891891891891891646e+02 0.000000000000000000e+00
8.000000000000000000e+02 0.000000000000000000e+00
