12  3.42672e-26
14  6.28315e-31
16  1.36464e-32
18  8.07038e-34
20  7.57881e-35
22  1.65723e-35
24  5.0408e-36
26  1.84337e-36
28  8.07696e-37
30  4.08629e-37
35  1.17859e-37
40  5.51334e-38
50  2.48658e-38
60  1.51774e-38
70  1.35731e-38
80  1.39943e-38
90  1.48046e-38
100  1.56725e-38
110  1.65474e-38
120  1.74269e-38
130  1.83066e-38
140  1.9195e-38
150  2.0084e-38
160  2.09779e-38
170  2.18746e-38
180  2.27761e-38
190  2.3682e-38
200  2.459e-38
300  3.37906e-38
400  4.30851e-38
500  5.24547e-38
600  6.18415e-38
700  7.12435e-38
800  8.06508e-38
900  9.00738e-38
1000  9.94963e-38
2000  1.93786e-37
3000  2.88191e-37
4000  3.82569e-37
5000  4.76922e-37
6000  5.71265e-37
7000  6.656e-37
8000  7.59939e-37
9000  8.54274e-37
10000  9.48609e-37
