12  1.56794e-27
14  5.24035e-31
16  3.13728e-33
18  1.55388e-34
20  9.17182e-36
22  1.81188e-36
24  4.48957e-37
26  1.85993e-37
28  8.99869e-38
30  5.54211e-38
35  2.70795e-38
40  1.35574e-38
50  1.22456e-38
60  1.3562e-38
70  1.46289e-38
80  1.55868e-38
90  1.64918e-38
100  1.73855e-38
110  1.82835e-38
120  1.91819e-38
130  2.00843e-38
140  2.10027e-38
150  2.19299e-38
160  2.28567e-38
170  2.37887e-38
180  2.47279e-38
190  2.56834e-38
200  2.66487e-38
300  3.63208e-38
400  4.61973e-38
500  5.61256e-38
600  6.60723e-38
700  7.60492e-38
800  8.60396e-38
900  9.60116e-38
1000  1.06033e-37
2000  2.06236e-37
3000  3.06512e-37
4000  4.06787e-37
5000  5.07062e-37
6000  6.07331e-37
7000  7.07596e-37
8000  8.0786e-37
9000  9.08125e-37
10000  1.00839e-36
