14  1.27475e-28
16  2.58965e-30
18  1.54856e-31
20  1.39726e-32
22  3.27581e-33
24  1.11041e-33
26  4.53643e-34
28  2.36142e-34
30  1.40935e-34
35  5.29872e-35
40  2.78035e-35
50  1.33289e-35
60  9.08268e-36
70  7.30487e-36
80  6.42515e-36
90  5.95506e-36
100  5.70323e-36
110  5.57715e-36
120  5.53279e-36
130  5.54184e-36
140  5.58852e-36
150  5.66132e-36
160  5.75457e-36
170  5.86337e-36
180  5.98433e-36
190  6.11489e-36
200  6.25351e-36
300  7.86575e-36
400  9.64764e-36
500  1.14858e-35
600  1.33502e-35
700  1.52294e-35
800  1.71174e-35
900  1.90096e-35
1000  2.0906e-35
2000  3.99513e-35
3000  5.90382e-35
4000  7.81347e-35
5000  9.72346e-35
6000  1.16337e-34
7000  1.35441e-34
8000  1.54545e-34
9000  1.7365e-34
10000  1.92754e-34
